{
  "camera_angle_x": 0.9076872471507609,
  "camera_angle_y": 0.6286768451869374,
  "w": 3115,
  "h": 2076,
  "frames": [
    {
      "file_path": "./train/DSCF5859.JPG",
      "transform_matrix": [
        [
          0.5280570895965925,
          -0.44523081310146306,
          0.7231356948676966,
          2.8768604762574643
        ],
        [
          -0.4625796937612804,
          -0.8649257438317492,
          -0.19473953008265965,
          1.2367609830375117
        ],
        [
          0.712162718096431,
          -0.23167429879489257,
          -0.662684904182522,
          -0.8065076999743059
        ],
        [
          0.0,
          0.0,
          0.0,
          1.0
        ]
      ]
    },
    {
      "file_path": "./train/DSCF5860.JPG",
      "transform_matrix": [
        [
          0.5179223171590119,
          -0.4725834089767598,
          0.7130367416539941,
          2.8555186432407322
        ],
        [
          -0.4514668120009507,
          -0.8590120499183596,
          -0.2414042579507578,
          1.0691958624700328
        ],
        [
          0.7265908002791792,
          -0.19688377194416584,
          -0.6582572364165087,
          -0.8843273411750907
        ],
        [
          0.0,
          0.0,
          0.0,
          1.0
        ]
      ]
    },
    {
      "file_path": "./train/DSCF5861.JPG",
      "transform_matrix": [
        [
          0.5098478243185738,
          -0.4647725808394407,
          0.7239072068555901,
          2.837106056084107
        ],
        [
          -0.4385693902167018,
          -0.8643557982561662,
          -0.2460608542330451,
          0.8485246953375368
        ],
        [
          0.740075729910505,
          -0.19202995110344417,
          -0.6445249505462469,
          -0.9475845990601679
        ],
        [
          0.0,
          0.0,
          0.0,
          1.0
        ]
      ]
    },
    {
      "file_path": "./train/DSCF5862.JPG",
      "transform_matrix": [
        [
          0.4969163493869039,
          -0.4726389989566082,
          0.7277956570200785,
          2.838766128901395
        ],
        [
          -0.4327441832792893,
          -0.8619123928383341,
          -0.26427163848895735,
          0.630699408950488
        ],
        [
          0.7522011789075668,
          -0.18362843934693926,
          -0.6328301373299743,
          -0.9807442069263382
        ],
        [
          0.0,
          0.0,
          0.0,
          1.0
        ]
      ]
    },
    {
      "file_path": "./train/DSCF5863.JPG",
      "transform_matrix": [
        [
          0.4560812863292821,
          -0.4994282840444403,
          0.7365875707318537,
          2.861016688141786
        ],
        [
          -0.44027250095773973,
          -0.8459239686994038,
          -0.3009530928238939,
          0.4036871086126077
        ],
        [
          0.7734015678550468,
          -0.18704017824060187,
          -0.6056946314464735,
          -1.035764567364227
        ],
        [
          0.0,
          0.0,
          0.0,
          1.0
        ]
      ]
    },
    {
      "file_path": "./train/DSCF5864.JPG",
      "transform_matrix": [
        [
          0.42735372747699907,
          -0.5429659867924443,
          0.7228808538051216,
          2.8753030172602694
        ],
        [
          -0.46879314963812396,
          -0.8167659580631867,
          -0.3363426119323745,
          0.17813729385839588
        ],
        [
          0.7730470713118848,
          -0.1951443233497491,
          -0.6035867117494274,
          -1.0563722170882968
        ],
        [
          0.0,
          0.0,
          0.0,
          1.0
        ]
      ]
    },
    {
      "file_path": "./train/DSCF5867.JPG",
      "transform_matrix": [
        [
          0.3151405214940526,
          -0.532308559838148,
          0.7857060829823664,
          3.2068265042816386
        ],
        [
          -0.510564364257583,
          -0.7929709656146835,
          -0.33244710502930624,
          0.06930762641711453
        ],
        [
          0.8000065510123691,
          -0.2963859727030841,
          -0.5216750650760874,
          -0.646811394424561
        ],
        [
          0.0,
          0.0,
          0.0,
          1.0
        ]
      ]
    },
    {
      "file_path": "./train/DSCF5868.JPG",
      "transform_matrix": [
        [
          0.28845808149861246,
          -0.469386495097992,
          0.8345467353226915,
          3.3744029646588936
        ],
        [
          -0.519761425402888,
          -0.8087621821924896,
          -0.27523043675872816,
          0.14654926544500554
        ],
        [
          0.8041392888556671,
          -0.35437275695920106,
          -0.477262981220875,
          -0.5680704820123885
        ],
        [
          0.0,
          0.0,
          0.0,
          1.0
        ]
      ]
    },
    {
      "file_path": "./train/DSCF5869.JPG",
      "transform_matrix": [
        [
          0.26530659057787204,
          -0.4238527887277109,
          0.8660030175950242,
          3.5536939998547434
        ],
        [
          -0.5144977422278684,
          -0.8218577060893949,
          -0.24462621319863403,
          0.24791298686466837
        ],
        [
          0.8154167561672809,
          -0.3806556507254558,
          -0.43611556878012125,
          -0.49903100061245664
        ],
        [
          0.0,
          0.0,
          0.0,
          1.0
        ]
      ]
    },
    {
      "file_path": "./train/DSCF5870.JPG",
      "transform_matrix": [
        [
          0.24539873094024695,
          -0.3939130820800628,
          0.8857832390709941,
          3.721990454250686
        ],
        [
          -0.5250226264550784,
          -0.8221224688598424,
          -0.22014969431277562,
          0.34912801249610825
        ],
        [
          0.8149421479854427,
          -0.4110317870457016,
          -0.4085610914843575,
          -0.43504603786926216
        ],
        [
          0.0,
          0.0,
          0.0,
          1.0
        ]
      ]
    },
    {
      "file_path": "./train/DSCF5871.JPG",
      "transform_matrix": [
        [
          0.22682745336897223,
          -0.39243915532426227,
          0.8913701900818346,
          3.8800663693104362
        ],
        [
          -0.5399525177243,
          -0.8123664271069,
          -0.22025454981171025,
          0.4746900815308913
        ],
        [
          0.8105557260308116,
          -0.43133779973235487,
          -0.3961655178340421,
          -0.3455439374609136
        ],
        [
          0.0,
          0.0,
          0.0,
          1.0
        ]
      ]
    },
    {
      "file_path": "./train/DSCF5872.JPG",
      "transform_matrix": [
        [
          0.2049751615817007,
          -0.3736109246000375,
          0.9046546634788664,
          3.994864789867103
        ],
        [
          -0.5567485849109636,
          -0.8046871828592903,
          -0.20617844441555586,
          0.5803945323438086
        ],
        [
          0.8049945318660215,
          -0.46140374376622056,
          -0.3729482389076542,
          -0.21327097287329283
        ],
        [
          0.0,
          0.0,
          0.0,
          1.0
        ]
      ]
    },
    {
      "file_path": "./train/DSCF5875.JPG",
      "transform_matrix": [
        [
          0.07862310110836074,
          -0.365644585225069,
          0.9274278652637582,
          4.235372053084226
        ],
        [
          -0.5442625642689268,
          -0.7951705858282364,
          -0.2673611799962581,
          0.8389028276717732
        ],
        [
          0.8352225267002301,
          -0.48374350303561353,
          -0.2615254369336121,
          0.45563727711039814
        ],
        [
          0.0,
          0.0,
          0.0,
          1.0
        ]
      ]
    },
    {
      "file_path": "./train/DSCF5876.JPG",
      "transform_matrix": [
        [
          0.034246813307053946,
          -0.3946619130638231,
          0.9181879601449339,
          4.230262770360443
        ],
        [
          -0.5354243396927665,
          -0.7830034218678796,
          -0.31658556159079054,
          0.762412174445719
        ],
        [
          0.8438885780971778,
          -0.48077813565094096,
          -0.2381269662115752,
          0.7742787259824734
        ],
        [
          0.0,
          0.0,
          0.0,
          1.0
        ]
      ]
    },
    {
      "file_path": "./train/DSCF5877.JPG",
      "transform_matrix": [
        [
          -0.010850985940814068,
          -0.44657384578138515,
          0.8946809802204,
          4.10918815417124
        ],
        [
          -0.5385507104920897,
          -0.7512682729990424,
          -0.3815221018676396,
          0.4863252650989195
        ],
        [
          0.8425232271768994,
          -0.48597096852493127,
          -0.23235066046465766,
          1.017568345050909
        ],
        [
          0.0,
          0.0,
          0.0,
          1.0
        ]
      ]
    },
    {
      "file_path": "./train/DSCF5878.JPG",
      "transform_matrix": [
        [
          -0.06643696315397254,
          -0.4845709108012634,
          0.8722254079835735,
          3.9589125146659754
        ],
        [
          -0.5414141442028015,
          -0.716769411619283,
          -0.4394454858387952,
          0.17725067238718847
        ],
        [
          0.8381269918001837,
          -0.5014305963662177,
          -0.21473356198739332,
          1.0665612197956014
        ],
        [
          0.0,
          0.0,
          0.0,
          1.0
        ]
      ]
    },
    {
      "file_path": "./train/DSCF5879.JPG",
      "transform_matrix": [
        [
          -0.14386320632518082,
          -0.5420979914972841,
          0.8279088992639521,
          3.761988567456399
        ],
        [
          -0.5619196325241307,
          -0.6439063940527122,
          -0.5192599371047019,
          -0.09254955437922312
        ],
        [
          0.8145856028986664,
          -0.5399206639059518,
          -0.2119810657525148,
          1.0572077821743473
        ],
        [
          0.0,
          0.0,
          0.0,
          1.0
        ]
      ]
    },
    {
      "file_path": "./train/DSCF5880.JPG",
      "transform_matrix": [
        [
          -0.21595709654611542,
          -0.5528036715733833,
          0.8048419926584092,
          3.5705996534573
        ],
        [
          -0.5705382238694662,
          -0.5974851329315358,
          -0.5634692991012553,
          -0.3154419268915701
        ],
        [
          0.7923690223344466,
          -0.5808783148136724,
          -0.1863644703906336,
          0.996453793093306
        ],
        [
          0.0,
          0.0,
          0.0,
          1.0
        ]
      ]
    },
    {
      "file_path": "./train/DSCF5883.JPG",
      "transform_matrix": [
        [
          -0.2276273961641032,
          -0.5123759206860934,
          0.8280438903926698,
          3.1623304152192016
        ],
        [
          -0.611996875213212,
          -0.586148587141803,
          -0.5309328192162662,
          -0.7221378603697133
        ],
        [
          0.7573939485134629,
          -0.6276151286359708,
          -0.18014898573802535,
          0.38658188193284426
        ],
        [
          0.0,
          0.0,
          0.0,
          1.0
        ]
      ]
    },
    {
      "file_path": "./train/DSCF5884.JPG",
      "transform_matrix": [
        [
          -0.31448767217538415,
          -0.48342564013300454,
          0.8169437890771325,
          3.109125814445775
        ],
        [
          -0.6147020907508183,
          -0.552087105341373,
          -0.5633304250103629,
          -1.0255505229025972
        ],
        [
          0.7233525030552393,
          -0.6793375291986881,
          -0.12353816311545629,
          0.39717505917073415
        ],
        [
          0.0,
          0.0,
          0.0,
          1.0
        ]
      ]
    },
    {
      "file_path": "./train/DSCF5885.JPG",
      "transform_matrix": [
        [
          -0.41237070249674024,
          -0.42635831165332694,
          0.8050894321791023,
          3.0257944741160165
        ],
        [
          -0.6257445820336204,
          -0.5097214496033569,
          -0.5904470864267367,
          -1.3382898289369314
        ],
        [
          0.6621133753202051,
          -0.7472634300555442,
          -0.05659721127147812,
          0.48673928366100844
        ],
        [
          0.0,
          0.0,
          0.0,
          1.0
        ]
      ]
    },
    {
      "file_path": "./train/DSCF5886.JPG",
      "transform_matrix": [
        [
          -0.44209004239528,
          -0.3597008995162911,
          0.8216882969241504,
          3.033371977674219
        ],
        [
          -0.5970926129191477,
          -0.5655934355112004,
          -0.5688448622463091,
          -1.4239795865260914
        ],
        [
          0.6693555154118955,
          -0.7421046614823331,
          0.035268475922088635,
          0.67841369403449
        ],
        [
          0.0,
          0.0,
          0.0,
          1.0
        ]
      ]
    },
    {
      "file_path": "./train/DSCF5887.JPG",
      "transform_matrix": [
        [
          -0.45222819940308656,
          -0.3198348883072618,
          0.8325835092566529,
          3.070417185421476
        ],
        [
          -0.5811402386180606,
          -0.6024683883454404,
          -0.5470903619178378,
          -1.3037792080057498
        ],
        [
          0.6765838297828178,
          -0.7312574685197605,
          0.08658427114947503,
          0.8927858236095996
        ],
        [
          0.0,
          0.0,
          0.0,
          1.0
        ]
      ]
    },
    {
      "file_path": "./train/DSCF5888.JPG",
      "transform_matrix": [
        [
          -0.4570062776685963,
          -0.2760521212244709,
          0.8455415356675058,
          3.1460790190436954
        ],
        [
          -0.5792958568911881,
          -0.6289846948967012,
          -0.5184540131722466,
          -1.1774882163940792
        ],
        [
          0.6749530149278525,
          -0.7267554471437926,
          0.12753410401389909,
          1.0481618264571873
        ],
        [
          0.0,
          0.0,
          0.0,
          1.0
        ]
      ]
    },
    {
      "file_path": "./train/DSCF5891.JPG",
      "transform_matrix": [
        [
          -0.40112751577926176,
          -0.33564578582908255,
          0.8523136878755,
          3.3344766685862277
        ],
        [
          -0.5615392443988432,
          -0.6450180089403685,
          -0.5182908885390317,
          -0.751818213792468
        ],
        [
          0.7237198305178142,
          -0.686508320851088,
          0.07025619059901665,
          1.499201168867705
        ],
        [
          0.0,
          0.0,
          0.0,
          1.0
        ]
      ]
    },
    {
      "file_path": "./train/DSCF5892.JPG",
      "transform_matrix": [
        [
          -0.3911073390504515,
          -0.3569852028711965,
          0.8482904068017543,
          3.352654694416632
        ],
        [
          -0.5368615815549677,
          -0.6601543540622743,
          -0.5253340566372222,
          -0.6257840398576039
        ],
        [
          0.7475390903432232,
          -0.6608765344174599,
          0.06653957217471422,
          1.6561304088321467
        ],
        [
          0.0,
          0.0,
          0.0,
          1.0
        ]
      ]
    },
    {
      "file_path": "./train/DSCF5893.JPG",
      "transform_matrix": [
        [
          -0.3917366649291214,
          -0.38929446229046605,
          0.8336619260708659,
          3.359493719738374
        ],
        [
          -0.5093456547019924,
          -0.6628157555729158,
          -0.5488554255908413,
          -0.49887801605165283
        ],
        [
          0.7662306372016249,
          -0.6396288734838991,
          0.061363790783412156,
          1.8350417900026874
        ],
        [
          0.0,
          0.0,
          0.0,
          1.0
        ]
      ]
    },
    {
      "file_path": "./train/DSCF5894.JPG",
      "transform_matrix": [
        [
          -0.39212284278809467,
          -0.407582416360559,
          0.8246916090499954,
          3.346677977669062
        ],
        [
          -0.48157426842338064,
          -0.6728805728342446,
          -0.5615317966907524,
          -0.37288815867451375
        ],
        [
          0.7837894488676588,
          -0.6173397027374367,
          0.06757063909557545,
          2.0321360848453183
        ],
        [
          0.0,
          0.0,
          0.0,
          1.0
        ]
      ]
    },
    {
      "file_path": "./train/DSCF5895.JPG",
      "transform_matrix": [
        [
          -0.4395084393621992,
          -0.4536713483942639,
          0.7752513394864496,
          3.1971594710802234
        ],
        [
          -0.45194039602449504,
          -0.6341893107295729,
          -0.6273386618068202,
          -0.30441547493007853
        ],
        [
          0.7762616892328427,
          -0.6260880335883124,
          0.07369914536067297,
          2.318035489401496
        ],
        [
          0.0,
          0.0,
          0.0,
          1.0
        ]
      ]
    },
    {
      "file_path": "./train/DSCF5896.JPG",
      "transform_matrix": [
        [
          -0.5361544881690266,
          -0.4244845056444095,
          0.7296240602420057,
          2.970628552318405
        ],
        [
          -0.4609028633119506,
          -0.5769243462071534,
          -0.6743343750279188,
          -0.43375005178558323
        ],
        [
          0.7071823777548858,
          -0.6978332202047061,
          0.11367445346988032,
          2.6980365893904867
        ],
        [
          0.0,
          0.0,
          0.0,
          1.0
        ]
      ]
    },
    {
      "file_path": "./train/DSCF5899.JPG",
      "transform_matrix": [
        [
          -0.6731353315165447,
          -0.4820466024562765,
          0.5608207365321574,
          2.608073703601462
        ],
        [
          -0.4244859947588682,
          -0.3691264901482224,
          -0.8267752261191842,
          -0.9382273899286179
        ],
        [
          0.6055579788242288,
          -0.7945921641516575,
          0.04385005075367689,
          2.7200775958002015
        ],
        [
          0.0,
          0.0,
          0.0,
          1.0
        ]
      ]
    },
    {
      "file_path": "./train/DSCF5900.JPG",
      "transform_matrix": [
        [
          -0.7299975617414403,
          -0.4474799061407275,
          0.5165900632530963,
          2.47158517726137
        ],
        [
          -0.4178873320369682,
          -0.3058625648464581,
          -0.8554637743052425,
          -1.1033535929954137
        ],
        [
          0.5408084111536886,
          -0.8403629126906017,
          0.036282742448596056,
          2.752299897210865
        ],
        [
          0.0,
          0.0,
          0.0,
          1.0
        ]
      ]
    },
    {
      "file_path": "./train/DSCF5901.JPG",
      "transform_matrix": [
        [
          -0.7164155074832785,
          -0.4754234411906434,
          0.5106088250352933,
          2.45897221057369
        ],
        [
          -0.4193502944424461,
          -0.2914720084127834,
          -0.8597612452668775,
          -1.2120643391951444
        ],
        [
          0.5575788295734602,
          -0.8300702499657874,
          0.009446106776077084,
          2.624613844135761
        ],
        [
          0.0,
          0.0,
          0.0,
          1.0
        ]
      ]
    },
    {
      "file_path": "./train/DSCF5902.JPG",
      "transform_matrix": [
        [
          -0.6915887099809239,
          -0.4854693947475841,
          0.5348126054893764,
          2.4806383820610356
        ],
        [
          -0.43922833330215716,
          -0.3051357884497301,
          -0.8449678229564547,
          -1.272021778528816
        ],
        [
          0.5733964836407093,
          -0.8192750559919273,
          -0.002203446821227538,
          2.4118454045572744
        ],
        [
          0.0,
          0.0,
          0.0,
          1.0
        ]
      ]
    },
    {
      "file_path": "./train/DSCF5903.JPG",
      "transform_matrix": [
        [
          -0.7109288346389985,
          -0.4507114380669079,
          0.5398512681049251,
          2.4860342406995692
        ],
        [
          -0.4448081139377606,
          -0.30640874551508884,
          -0.8415815007751786,
          -1.3169025427859289
        ],
        [
          0.5447255582896473,
          -0.838434779972497,
          0.017354707675522493,
          2.2009916058882117
        ],
        [
          0.0,
          0.0,
          0.0,
          1.0
        ]
      ]
    },
    {
      "file_path": "./train/DSCF5904.JPG",
      "transform_matrix": [
        [
          -0.7175521145666707,
          -0.43621778925590526,
          0.5429852697979843,
          2.441363955674471
        ],
        [
          -0.4426212623170442,
          -0.3163372484098102,
          -0.839057306394132,
          -1.409788734548502
        ],
        [
          0.5377781894292156,
          -0.8424041699832691,
          0.033909192987062124,
          2.0280085173000804
        ],
        [
          0.0,
          0.0,
          0.0,
          1.0
        ]
      ]
    },
    {
      "file_path": "./train/DSCF5907.JPG",
      "transform_matrix": [
        [
          -0.7679213194272645,
          -0.34170532330000813,
          0.5417880759093223,
          2.2252728451876074
        ],
        [
          -0.4431987879436211,
          -0.32722682068775866,
          -0.8345642229258852,
          -1.8348548973266117
        ],
        [
          0.46246262717585523,
          -0.8809994777813538,
          0.09984106677408552,
          1.6415265179997771
        ],
        [
          0.0,
          0.0,
          0.0,
          1.0
        ]
      ]
    },
    {
      "file_path": "./train/DSCF5908.JPG",
      "transform_matrix": [
        [
          -0.8528128729242437,
          -0.18283414511974252,
          0.4891644704524548,
          1.998682354759563
        ],
        [
          -0.41743976347986106,
          -0.3241484832798479,
          -0.848923909813625,
          -2.0166485195350727
        ],
        [
          0.3137741984940367,
          -0.9281699392706633,
          0.20011575698509523,
          1.7187487440413285
        ],
        [
          0.0,
          0.0,
          0.0,
          1.0
        ]
      ]
    },
    {
      "file_path": "./train/DSCF5909.JPG",
      "transform_matrix": [
        [
          -0.8950805573921212,
          -0.07689365963779843,
          0.4392244994147252,
          1.8457658679942266
        ],
        [
          -0.3890537031950927,
          -0.34661383247748884,
          -0.8535198106461571,
          -2.1281415337983884
        ],
        [
          0.21787154887408827,
          -0.9348509058896898,
          0.2803315393394614,
          2.0540588466270098
        ],
        [
          0.0,
          0.0,
          0.0,
          1.0
        ]
      ]
    },
    {
      "file_path": "./train/DSCF5910.JPG",
      "transform_matrix": [
        [
          -0.9103151142618705,
          -0.07284004757561165,
          0.407456402840328,
          1.8212746364739154
        ],
        [
          -0.33788921782908127,
          -0.43781017334123873,
          -0.8331585254882566,
          -2.1488341537873215
        ],
        [
          0.23907586499111266,
          -0.8961119235832636,
          0.37393335126818233,
          2.396337189978207
        ],
        [
          0.0,
          0.0,
          0.0,
          1.0
        ]
      ]
    },
    {
      "file_path": "./train/DSCF5911.JPG",
      "transform_matrix": [
        [
          -0.9119576752590761,
          -0.08626113299041045,
          0.401113718876918,
          1.7889287311200721
        ],
        [
          -0.31606989550385334,
          -0.47564031040739435,
          -0.8208934865570201,
          -2.0664217307315766
        ],
        [
          0.26159705597013844,
          -0.8754000868464477,
          0.4064992844483094,
          2.621205667019357
        ],
        [
          0.0,
          0.0,
          0.0,
          1.0
        ]
      ]
    },
    {
      "file_path": "./train/DSCF5912.JPG",
      "transform_matrix": [
        [
          -0.9133986213018467,
          -0.09742072722046673,
          0.39523684103549894,
          1.7869615143944553
        ],
        [
          -0.315186313339288,
          -0.44518590895343085,
          -0.8381331006188071,
          -1.9422697635930375
        ],
        [
          0.2576054084981001,
          -0.8901228613945059,
          0.3759265156056217,
          2.8266627404982216
        ],
        [
          0.0,
          0.0,
          0.0,
          1.0
        ]
      ]
    },
    {
      "file_path": "./train/DSCF5915.JPG",
      "transform_matrix": [
        [
          -0.9105513329727948,
          -0.1432251349336162,
          0.38779225204317036,
          1.7513184694179984
        ],
        [
          -0.29137917783005785,
          -0.44307264335593294,
          -0.8478117759483326,
          -1.7149250269526035
        ],
        [
          0.29324809419422637,
          -0.8849707302689923,
          0.36170756394996817,
          3.289590030128985
        ],
        [
          0.0,
          0.0,
          0.0,
          1.0
        ]
      ]
    },
    {
      "file_path": "./train/DSCF5916.JPG",
      "transform_matrix": [
        [
          -0.905501287610538,
          -0.1640813212219361,
          0.39133711574769,
          1.6876338799554007
        ],
        [
          -0.29240652503739456,
          -0.4270496026838936,
          -0.8556442373808663,
          -1.6242477080596225
        ],
        [
          0.3075155967609003,
          -0.8892164848188502,
          0.33871551614178314,
          3.4364536178582394
        ],
        [
          0.0,
          0.0,
          0.0,
          1.0
        ]
      ]
    },
    {
      "file_path": "./train/DSCF5917.JPG",
      "transform_matrix": [
        [
          -0.9210264743371003,
          -0.15268694972061891,
          0.35832517209258813,
          1.596591308283283
        ],
        [
          -0.27203856174269553,
          -0.4062288856904837,
          -0.8723377289534331,
          -1.5683634593099482
        ],
        [
          0.27875662233413456,
          -0.9009244073814855,
          0.3326108201625185,
          3.5737630275173577
        ],
        [
          0.0,
          0.0,
          0.0,
          1.0
        ]
      ]
    },
    {
      "file_path": "./train/DSCF5918.JPG",
      "transform_matrix": [
        [
          -0.967207846709977,
          -0.0713643546645122,
          0.24375420026323016,
          1.3686278628143957
        ],
        [
          -0.19964720488838072,
          -0.3796321742930355,
          -0.903338477992496,
          -1.5357065782495973
        ],
        [
          0.1570031045645472,
          -0.9223809089117467,
          0.35293552390236044,
          3.813411231650431
        ],
        [
          0.0,
          0.0,
          0.0,
          1.0
        ]
      ]
    },
    {
      "file_path": "./train/DSCF5919.JPG",
      "transform_matrix": [
        [
          -0.9938957671495393,
          0.014214538529385475,
          0.10940361482430518,
          1.0412701257581052
        ],
        [
          -0.10932449373033049,
          -0.2600288179637704,
          -0.959392082987436,
          -1.629489056002536
        ],
        [
          0.014810776915315403,
          -0.9654962251209276,
          0.25999553873942466,
          4.128048441122618
        ],
        [
          0.0,
          0.0,
          0.0,
          1.0
        ]
      ]
    },
    {
      "file_path": "./train/DSCF5920.JPG",
      "transform_matrix": [
        [
          -0.9954839242359205,
          0.026086003895484478,
          0.09127582915874395,
          0.8266391198913935
        ],
        [
          -0.09472995188968641,
          -0.21054245870458912,
          -0.9729841259227221,
          -1.814041198111651
        ],
        [
          -0.006163830207682734,
          -0.977236610797708,
          0.21206275890353685,
          4.189331988059006
        ],
        [
          0.0,
          0.0,
          0.0,
          1.0
        ]
      ]
    },
    {
      "file_path": "./train/DSCF5923.JPG",
      "transform_matrix": [
        [
          -0.9947547993830327,
          0.10040885468811615,
          0.01951796620150103,
          0.6712295908878708
        ],
        [
          -0.03821893524097981,
          -0.1878570601490309,
          -0.9814525143587994,
          -2.2864795475801456
        ],
        [
          -0.09487993514683679,
          -0.9770505549112515,
          0.19070923169618145,
          3.7989094834488606
        ],
        [
          0.0,
          0.0,
          0.0,
          1.0
        ]
      ]
    },
    {
      "file_path": "./train/DSCF5924.JPG",
      "transform_matrix": [
        [
          -0.9811773860522691,
          0.1804088091598328,
          -0.06887378802685169,
          0.4487064962365712
        ],
        [
          0.023281652807217765,
          -0.24354311670754594,
          -0.9696105996465482,
          -2.444228905577753
        ],
        [
          -0.19170003062649946,
          -0.9529634892701325,
          0.2347587833839098,
          3.6592280096828658
        ],
        [
          0.0,
          0.0,
          0.0,
          1.0
        ]
      ]
    },
    {
      "file_path": "./train/DSCF5925.JPG",
      "transform_matrix": [
        [
          -0.9750322662973804,
          0.2053018596871448,
          -0.08463584399056083,
          0.3350388832301199
        ],
        [
          0.022525738966994387,
          -0.2877277320952383,
          -0.9574473057392358,
          -2.542309139166776
        ],
        [
          -0.22091779186608185,
          -0.9354485013042305,
          0.27591924660067463,
          3.5188753190243407
        ],
        [
          0.0,
          0.0,
          0.0,
          1.0
        ]
      ]
    },
    {
      "file_path": "./train/DSCF5926.JPG",
      "transform_matrix": [
        [
          -0.9748884642657927,
          0.19576162973500102,
          -0.10615962775453194,
          0.42230643172281285
        ],
        [
          0.036004910135093174,
          -0.3318781079632598,
          -0.9426349070031784,
          -2.6339074460100758
        ],
        [
          -0.2197638020413014,
          -0.9227861647089337,
          0.3164957591092313,
          3.3278985022382974
        ],
        [
          0.0,
          0.0,
          0.0,
          1.0
        ]
      ]
    },
    {
      "file_path": "./train/DSCF5927.JPG",
      "transform_matrix": [
        [
          -0.9730454084148723,
          0.19686816919854871,
          -0.12010644078960085,
          0.4915577677523603
        ],
        [
          0.03927458445738037,
          -0.37173871336229275,
          -0.9275062458029311,
          -2.7729177037129538
        ],
        [
          -0.22724467029709272,
          -0.9072228243073245,
          0.35398673262907326,
          3.171623380375364
        ],
        [
          0.0,
          0.0,
          0.0,
          1.0
        ]
      ]
    },
    {
      "file_path": "./train/DSCF5928.JPG",
      "transform_matrix": [
        [
          -0.9657451084848571,
          0.22338831144989144,
          -0.1320380541553722,
          0.452550152764528
        ],
        [
          0.03908598382978066,
          -0.37780059961900847,
          -0.9250616156751806,
          -2.8426223229611183
        ],
        [
          -0.2565320083452138,
          -0.8985345676350376,
          0.35612772913561047,
          3.0046105114137913
        ],
        [
          0.0,
          0.0,
          0.0,
          1.0
        ]
      ]
    },
    {
      "file_path": "./train/DSCF5931.JPG",
      "transform_matrix": [
        [
          -0.8710262741203284,
          0.4185553973676367,
          -0.2571470573941654,
          -0.19772080927224733
        ],
        [
          0.07570211872009978,
          -0.40284616505684995,
          -0.9121316552561243,
          -2.8549573922571354
        ],
        [
          -0.48536833334422047,
          -0.813957214252327,
          0.31920406381066746,
          2.56488985142085
        ],
        [
          0.0,
          0.0,
          0.0,
          1.0
        ]
      ]
    },
    {
      "file_path": "./train/DSCF5932.JPG",
      "transform_matrix": [
        [
          -0.8567457823561677,
          0.42174121285279026,
          -0.2968518381219416,
          -0.3560965739539165
        ],
        [
          0.11082889236942457,
          -0.41158474583074306,
          -0.9046076241197666,
          -2.7917286616790453
        ],
        [
          -0.5036900048949595,
          -0.8079185270687261,
          0.3058823835856119,
          2.691487829514931
        ],
        [
          0.0,
          0.0,
          0.0,
          1.0
        ]
      ]
    },
    {
      "file_path": "./train/DSCF5933.JPG",
      "transform_matrix": [
        [
          -0.8614833794045016,
          0.38404160304672025,
          -0.33220239935783746,
          -0.5363634972156074
        ],
        [
          0.1413891259042018,
          -0.4469273195272297,
          -0.8833261493560863,
          -2.704228433655506
        ],
        [
          -0.48770431829731076,
          -0.8079406031321303,
          0.33072115100888916,
          2.843140172167256
        ],
        [
          0.0,
          0.0,
          0.0,
          1.0
        ]
      ]
    },
    {
      "file_path": "./train/DSCF5934.JPG",
      "transform_matrix": [
        [
          -0.8664996429438878,
          0.3635525284519118,
          -0.34206421595123815,
          -0.7108018228804377
        ],
        [
          0.16197960561251384,
          -0.44339590262932005,
          -0.8815683075616685,
          -2.5881058254146585
        ],
        [
          -0.4721662590060073,
          -0.8192860505267692,
          0.3253142961330156,
          2.9723836343758676
        ],
        [
          0.0,
          0.0,
          0.0,
          1.0
        ]
      ]
    },
    {
      "file_path": "./train/DSCF5935.JPG",
      "transform_matrix": [
        [
          -0.8672945941334138,
          0.3390525471058692,
          -0.36447696400181395,
          -0.8910363297108178
        ],
        [
          0.19220982054610458,
          -0.44730921803994494,
          -0.873481452775116,
          -2.4513498734659365
        ],
        [
          -0.45919001717436264,
          -0.8276217939116365,
          0.32277963747717014,
          3.052766123817655
        ],
        [
          0.0,
          0.0,
          0.0,
          1.0
        ]
      ]
    },
    {
      "file_path": "./train/DSCF5936.JPG",
      "transform_matrix": [
        [
          -0.8213503698314819,
          0.3744606770086077,
          -0.4303054396030144,
          -1.0450149823335162
        ],
        [
          0.24393393465626367,
          -0.45133052734811113,
          -0.858368796384625,
          -2.33540013031212
        ],
        [
          -0.5156353415940397,
          -0.8099876273486721,
          0.2793568292368509,
          3.135000929365924
        ],
        [
          0.0,
          0.0,
          0.0,
          1.0
        ]
      ]
    },
    {
      "file_path": "./train/DSCF5939.JPG",
      "transform_matrix": [
        [
          -0.8495953621076147,
          0.3524110231652943,
          -0.3924209365424081,
          -1.4026874588584948
        ],
        [
          0.21301473748996413,
          -0.4513770952380731,
          -0.8665353077091094,
          -2.1610014875296373
        ],
        [
          -0.48250641684573686,
          -0.8197958213153014,
          0.308419145087749,
          3.666192298283492
        ],
        [
          0.0,
          0.0,
          0.0,
          1.0
        ]
      ]
    },
    {
      "file_path": "./train/DSCF5940.JPG",
      "transform_matrix": [
        [
          -0.8483621534044458,
          0.337344726640888,
          -0.408019842751005,
          -1.469298908353123
        ],
        [
          0.2167237386842293,
          -0.4818696560370058,
          -0.8490185249342368,
          -2.0610647085895577
        ],
        [
          -0.48302430348969,
          -0.808702769871825,
          0.33568936867279103,
          3.8189809948964872
        ],
        [
          0.0,
          0.0,
          0.0,
          1.0
        ]
      ]
    },
    {
      "file_path": "./train/DSCF5941.JPG",
      "transform_matrix": [
        [
          -0.8342786337067982,
          0.3263495173314778,
          -0.44438176591510725,
          -1.498187750425814
        ],
        [
          0.2441580920483217,
          -0.5039717560279106,
          -0.8284921817455295,
          -1.9513183795848907
        ],
        [
          -0.494333882540577,
          -0.7996927295303216,
          0.3407719925532365,
          3.9517361696550153
        ],
        [
          0.0,
          0.0,
          0.0,
          1.0
        ]
      ]
    },
    {
      "file_path": "./train/DSCF5942.JPG",
      "transform_matrix": [
        [
          -0.8262072403737806,
          0.32560717289772456,
          -0.4597407583752967,
          -1.5645539666488344
        ],
        [
          0.25166829732468354,
          -0.5167875603810198,
          -0.818287043498263,
          -1.791082383084734
        ],
        [
          -0.5040284357807964,
          -0.7917768539133895,
          0.3450286213220268,
          4.039273378074063
        ],
        [
          0.0,
          0.0,
          0.0,
          1.0
        ]
      ]
    },
    {
      "file_path": "./train/DSCF5943.JPG",
      "transform_matrix": [
        [
          -0.8084356690003333,
          0.29856328365196266,
          -0.5072393268891331,
          -1.792768403037442
        ],
        [
          0.2919025259434236,
          -0.5449686979641456,
          -0.7860038381503699,
          -1.569716758007306
        ],
        [
          -0.5111014424122006,
          -0.7834979795087041,
          0.3534207572709136,
          4.057184586538407
        ],
        [
          0.0,
          0.0,
          0.0,
          1.0
        ]
      ]
    },
    {
      "file_path": "./train/DSCF5944.JPG",
      "transform_matrix": [
        [
          -0.7567949623855627,
          0.31093970141909894,
          -0.5749590307050028,
          -2.11646282356466
        ],
        [
          0.3346945665795878,
          -0.5712166543997003,
          -0.7494605265379327,
          -1.3951923646737874
        ],
        [
          -0.5614632062833117,
          -0.7596236145735696,
          0.3282240578815763,
          3.9360583452238873
        ],
        [
          0.0,
          0.0,
          0.0,
          1.0
        ]
      ]
    },
    {
      "file_path": "./train/DSCF5947.JPG",
      "transform_matrix": [
        [
          -0.6619321280428563,
          0.506146382009816,
          -0.552866799367649,
          -2.4871020893501314
        ],
        [
          0.37038841528388244,
          -0.4203772408450443,
