{
  "camera_angle_x": 1.4028140929797817,
  "camera_angle_y": 0.8753571332164317,
  "w": 1959,
  "h": 1090,
  "frames": [
    {
      "file_path": "./train/00003.jpg",
      "transform_matrix": [
        [
          0.9170675204762018,
          -0.060980977137274926,
          -0.39404122032474503,
          -2.953948711386964
        ],
        [
          -0.042373000139170273,
          -0.9975445758365301,
          0.055761528658410775,
          -0.10677301972585625
        ],
        [
          -0.3964740744952146,
          -0.034440378141072175,
          -0.9173996776796156,
          -3.7447166790041324
        ],
        [
          0.0,
          0.0,
          0.0,
          1.0
        ]
      ]
    },
    {
      "file_path": "./train/00004.jpg",
      "transform_matrix": [
        [
          0.9763680345413275,
          -0.04445145255502643,
          -0.21149356844039816,
          -2.801710612661597
        ],
        [
          -0.03476374732330463,
          -0.9981784551460139,
          0.049307743350905445,
          -0.10675052297885228
        ],
        [
          -0.2133001242333126,
          -0.04079019548942572,
          -0.9761348354371888,
          -3.680409274139724
        ],
        [
          0.0,
          0.0,
          0.0,
          1.0
        ]
      ]
    },
    {
      "file_path": "./train/00005.jpg",
      "transform_matrix": [
        [
          0.9967775273124548,
          -0.028912788457722556,
          -0.07482387124753216,
          -2.6771292520123966
        ],
        [
          -0.022791920668540886,
          -0.9964207006273704,
          0.08140218494302941,
          -0.11131143193498204
        ],
        [
          -0.07690961836537237,
          -0.07943448888775713,
          -0.9938687401151288,
          -3.5956877210102136
        ],
        [
          0.0,
          0.0,
          0.0,
          1.0
        ]
      ]
    },
    {
      "file_path": "./train/00006.jpg",
      "transform_matrix": [
        [
          0.9995939898846312,
          -0.006531272059149406,
          0.027734416738289358,
          -2.6684108357137744
        ],
        [
          -0.008874873691643553,
          -0.9963210925750186,
          0.08523800271638637,
          -0.10816234825740201
        ],
        [
          0.027075671801104095,
          -0.08544953467053341,
          -0.9959745403478485,
          -3.565239660576909
        ],
        [
          0.0,
          0.0,
          0.0,
          1.0
        ]
      ]
    },
    {
      "file_path": "./train/00007.jpg",
      "transform_matrix": [
        [
          0.997247086031201,
          0.009449159901097345,
          0.07354565098931452,
          -2.670665237756582
        ],
        [
          0.0026735615006820536,
          -0.9957843569183474,
          0.09168623989244697,
          -0.10684982919578845
        ],
        [
          0.07410196671600988,
          -0.09123720674087277,
          -0.9930683111624008,
          -3.5626261925554714
        ],
        [
          0.0,
          0.0,
          0.0,
          1.0
        ]
      ]
    },
    {
      "file_path": "./train/00008.jpg",
      "transform_matrix": [
        [
          0.9997686278878481,
          0.009789462968964375,
          0.019153514195274664,
          -2.6572732509773918
        ],
        [
          0.007832412679093117,
          -0.9949858204996879,
          0.09970892796629326,
          -0.09435228775643333
        ],
        [
          0.020033571895038942,
          -0.09953583987359706,
          -0.9948322836427175,
          -3.56802278787412
        ],
        [
          0.0,
          0.0,
          0.0,
          1.0
        ]
      ]
    },
    {
      "file_path": "./train/00011.jpg",
      "transform_matrix": [
        [
          0.9532691057167676,
          0.044246990657445966,
          0.2988648790067413,
          -2.1195280069775992
        ],
        [
          0.026658726835651635,
          -0.9976778932616709,
          0.0626748241358189,
          -0.11213792526745524
        ],
        [
          0.30094405521534456,
          -0.05177861638469697,
          -0.9522350815401783,
          -3.5941587033584432
        ],
        [
          0.0,
          0.0,
          0.0,
          1.0
        ]
      ]
    },
    {
      "file_path": "./train/00012.jpg",
      "transform_matrix": [
        [
          0.9715346452057745,
          0.021438143952767517,
          0.2359254949104706,
          -1.942243734694308
        ],
        [
          0.038508760832939665,
          -0.996942711390629,
          -0.06798753962464411,
          -0.15502809585856248
        ],
        [
          0.23374667592075296,
          0.07513744864554239,
          -0.9693899397595566,
          -3.4601694879937774
        ],
        [
          0.0,
          0.0,
          0.0,
          1.0
        ]
      ]
    },
    {
      "file_path": "./train/00013.jpg",
      "transform_matrix": [
        [
          0.9864401819490679,
          0.007935206885031357,
          0.1639292528134674,
          -1.7489450784370921
        ],
        [
          0.02638183818407098,
          -0.9935081079857518,
          -0.11066001075637501,
          -0.17555198798947058
        ],
        [
          0.1619869317269744,
          0.11348423616636492,
          -0.9802456641533372,
          -3.355715431782532
        ],
        [
          0.0,
          0.0,
          0.0,
          1.0
        ]
      ]
    },
    {
      "file_path": "./train/00014.jpg",
      "transform_matrix": [
        [
          0.9965596668508444,
          0.0009870164203745295,
          0.0828725298559188,
          -1.5317196314520274
        ],
        [
          0.006979012620118712,
          -0.9973769449043629,
          -0.07204528545357701,
          -0.18730776791744583
        ],
        [
          0.08258404076443865,
          0.07237579410151629,
          -0.993952524338659,
          -3.2548720251024013
        ],
        [
          0.0,
          0.0,
          0.0,
          1.0
        ]
      ]
    },
    {
      "file_path": "./train/00015.jpg",
      "transform_matrix": [
        [
          0.999912569167033,
          -0.007143665466936746,
          0.011127536361664166,
          -1.2558414161532885
        ],
        [
          -0.00778149590277321,
          -0.9982645138774185,
          0.05837301306765132,
          -0.20899036620568315
        ],
        [
          0.010691227399077546,
          -0.05845449834510227,
          -0.9982328231830108,
          -3.1963727553049286
        ],
        [
          0.0,
          0.0,
          0.0,
          1.0
        ]
      ]
    },
    {
      "file_path": "./train/00016.jpg",
      "transform_matrix": [
        [
          0.9994581433839904,
          -0.015430769605454966,
          -0.02907423211041065,
          -1.0063742233121686
        ],
        [
          -0.012962534535361938,
          -0.9964444851832925,
          0.08324878765617327,
          -0.31300360311007974
        ],
        [
          -0.030255451109613547,
          -0.0828268030119867,
          -0.9961045770304278,
          -3.083293356331327
        ],
        [
          0.0,
          0.0,
          0.0,
          1.0
        ]
      ]
    },
    {
      "file_path": "./train/00019.jpg",
      "transform_matrix": [
        [
          0.9983000871785318,
          -0.012113979487658124,
          -0.057010415191509574,
          -0.33983298912057247
        ],
        [
          -0.006283369448075151,
          -0.9948298199626914,
          0.10136147483821385,
          -0.19258602760739055
        ],
        [
          -0.05794355190799666,
          -0.10083095166649704,
          -0.9932148126051653,
          -2.815877781021004
        ],
        [
          0.0,
          0.0,
          0.0,
          1.0
        ]
      ]
    },
    {
      "file_path": "./train/00020.jpg",
      "transform_matrix": [
        [
          0.9945947806766219,
          -0.01772824662142274,
          -0.10230802276729069,
          -0.12584975272603682
        ],
        [
          -0.006727062266610446,
          -0.9942482293157969,
          0.10688875121201322,
          -0.12549536863548158
        ],
        [
          -0.10361452062372148,
          -0.10562276162898093,
          -0.9889933585933649,
          -2.704639337485575
        ],
        [
          0.0,
          0.0,
          0.0,
          1.0
        ]
      ]
    },
    {
      "file_path": "./train/00021.jpg",
      "transform_matrix": [
        [
          0.9856224878369526,
          -0.01600510425358024,
          -0.16820269946682814,
          0.15133149437675744
        ],
        [
          -0.005759298898507843,
          -0.9981073348264641,
          0.061225637128658056,
          -0.08530923351144935
        ],
        [
          -0.16886427078068864,
          -0.05937663516438512,
          -0.9838492126592681,
          -2.7109858479521334
        ],
        [
          0.0,
          0.0,
          0.0,
          1.0
        ]
      ]
    },
    {
      "file_path": "./train/00022.jpg",
      "transform_matrix": [
        [
          0.9697343250850894,
          0.02209446604667074,
          -0.24316079725539366,
          0.3734576984387005
        ],
        [
          -0.01295276266253105,
          -0.9898397124644538,
          -0.1415965026676,
          -0.05064119723654258
        ],
        [
          -0.24381871275842287,
          0.1404605930444551,
          -0.9595953611342782,
          -2.6209796669771372
        ],
        [
          0.0,
          0.0,
          0.0,
          1.0
        ]
      ]
    },
    {
      "file_path": "./train/00023.jpg",
      "transform_matrix": [
        [
          0.9490403863953183,
          0.02552313877792601,
          -0.31411926775915505,
          0.6594108418832698
        ],
        [
          -0.031572652506778404,
          -0.984001071006512,
          -0.17534269266702704,
          -0.06656283916610713
        ],
        [
          -0.3135689917774257,
          0.17632487528695434,
          -0.9330509234499095,
          -2.4396177824810477
        ],
        [
          0.0,
          0.0,
          0.0,
          1.0
        ]
      ]
    },
    {
      "file_path": "./train/00024.jpg",
      "transform_matrix": [
        [
          0.9222661449764415,
          0.018816797110012832,
          -0.38609724937742546,
          0.9564353149439635
        ],
        [
          -0.05060921561980465,
          -0.9843394839019969,
          -0.1688623336505162,
          -0.12037300039600686
        ],
        [
          -0.3832282154599806,
          0.17527609243154285,
          -0.9068706778241802,
          -2.398836833950775
        ],
        [
          0.0,
          0.0,
          0.0,
          1.0
        ]
      ]
    },
    {
      "file_path": "./train/00027.jpg",
      "transform_matrix": [
        [
          0.9976047044141528,
          -0.0655556234156403,
          0.022075188998909142,
          1.5459297740076987
        ],
        [
          -0.06560426958272644,
          -0.997844613059196,
          0.0014859344737605542,
          -0.21069086480479637
        ],
        [
          0.02193019706404295,
          -0.002930601871648769,
          -0.9997552090533973,
          -2.2036007915440288
        ],
        [
          0.0,
          0.0,
          0.0,
          1.0
        ]
      ]
    },
    {
      "file_path": "./train/00028.jpg",
      "transform_matrix": [
        [
          0.9476109456399898,
          -0.032140336736498826,
          0.31780574956685154,
          1.5510032892419716
        ],
        [
          -0.03048425556964208,
          -0.9994833652127278,
          -0.010183949401159721,
          -0.2027427093183733
        ],
        [
          0.31796887562409104,
          -3.76497689148017e-05,
          -0.9481011510998424,
          -2.210775226698145
        ],
        [
          0.0,
          0.0,
          0.0,
          1.0
        ]
      ]
    },
    {
      "file_path": "./train/00029.jpg",
      "transform_matrix": [
        [
          0.8094881002668572,
          0.008709645236694387,
          0.5870716801262053,
          1.509003318809368
        ],
        [
          0.01551485503692677,
          -0.9998581234619759,
          -0.00655913258590322,
          -0.19959381961654013
        ],
        [
          0.5869312607107732,
          0.014417871789804353,
          -0.8095083817808899,
          -2.240382352250519
        ],
        [
          0.0,
          0.0,
          0.0,
          1.0
        ]
      ]
    },
    {
      "file_path": "./train/00030.jpg",
      "transform_matrix": [
        [
          0.618014710365549,
          0.04229223184088195,
          0.7850281427424775,
          1.4726256320430902
        ],
        [
          0.058066162448951616,
          -0.9982801336144452,
          0.008068184998965975,
          -0.19514904435632202
        ],
        [
          0.7840192207785714,
          0.040597314648171866,
          -0.6194075552438142,
          -2.243522845190855
        ],
        [
          0.0,
          0.0,
          0.0,
          1.0
        ]
      ]
    },
    {
      "file_path": "./train/00031.jpg",
      "transform_matrix": [
        [
          0.5157810786139205,
          0.06795460454137178,
          0.8540211066861793,
          1.5098984076046131
        ],
        [
          0.08908862848605514,
          -0.995699185139979,
          0.025423394463668036,
          -0.1547924098506003
        ],
        [
          0.8520757567366497,
          0.06297066327431682,
          -0.5196167822044032,
          -2.2233878056624152
        ],
        [
          0.0,
          0.0,
          0.0,
          1.0
        ]
      ]
    },
    {
      "file_path": "./train/00032.jpg",
      "transform_matrix": [
        [
          0.4403207852686901,
          0.07775994783243312,
          0.8944668784105209,
          1.5634699681610988
        ],
        [
          0.10271612142271304,
          -0.9940643231527676,
          0.03585414668772135,
          -0.12277981007582087
        ],
        [
          0.8919456286457367,
          0.07608884246673388,
          -0.4456943836215955,
          -2.1066742189927807
        ],
        [
          0.0,
          0.0,
          0.0,
          1.0
        ]
      ]
    },
    {
      "file_path": "./train/00035.jpg",
      "transform_matrix": [
        [
          0.2336301594361386,
          0.0838476873042362,
          0.968703522206653,
          2.202140591425129
        ],
        [
          0.12079238135905222,
          -0.9910600102687951,
          0.05665030142572131,
          -0.1587683708737289
        ],
        [
          0.964793319425178,
          0.10377678632404659,
          -0.2416696700308076,
          -1.7766021391277618
        ],
        [
          0.0,
          0.0,
          0.0,
          1.0
        ]
      ]
    },
    {
      "file_path": "./train/00036.jpg",
      "transform_matrix": [
        [
          0.1828119539919758,
          0.08062067726581348,
          0.979836770015719,
          2.4750549606348984
        ],
        [
          0.1193764085834572,
          -0.9910781871357639,
          0.05927309724827118,
          -0.16606239966807218
        ],
        [
          0.9758734869599394,
          0.10613356387537862,
          -0.1908051468586728,
          -1.6859609272204126
        ],
        [
          0.0,
          0.0,
          0.0,
          1.0
        ]
      ]
    },
    {
      "file_path": "./train/00037.jpg",
      "transform_matrix": [
        [
          0.25367640063575875,
          0.07881197903530965,
          0.9640731070416932,
          2.649129756787803
        ],
        [
          0.11765674499182782,
          -0.9917887907930637,
          0.05011870723752305,
          -0.15064679720639987
        ],
        [
          0.9601068555730734,
          0.10071577045215145,
          -0.2608661715589346,
          -1.6056369232162482
        ],
        [
          0.0,
          0.0,
          0.0,
          1.0
        ]
      ]
    },
    {
      "file_path": "./train/00038.jpg",
      "transform_matrix": [
        [
          0.3009576113516711,
          0.06748336268430362,
          0.951246819668962,
          2.872941949902462
        ],
        [
          0.11405094675111922,
          -0.992880775726834,
          0.03435326385154738,
          -0.1661709679791249
        ],
        [
          0.9467929539844863,
          0.09815172414634094,
          -0.3065115680238362,
          -1.4214552960783107
        ],
        [
          0.0,
          0.0,
          0.0,
          1.0
        ]
      ]
    },
    {
      "file_path": "./train/00039.jpg",
      "transform_matrix": [
        [
          0.25086771667659463,
          0.0599851058370197,
          0.9661610506572872,
          3.107036852938124
        ],
        [
          0.11018670394467243,
          -0.9933608116079402,
          0.033063397215400095,
          -0.15556609158779816
        ],
        [
          0.9617298368062004,
          0.0981635626866495,
          -0.2558117197420464,
          -1.294563017003766
        ],
        [
          0.0,
          0.0,
          0.0,
          1.0
        ]
      ]
    },
    {
      "file_path": "./train/00040.jpg",
      "transform_matrix": [
        [
          0.2148625266425993,
          0.05649897369779674,
          0.9750086977129249,
          3.379133785214969
        ],
        [
          0.10446632934512023,
          -0.9939272725372006,
          0.03457402117079066,
          -0.16290283470523154
        ],
        [
          0.971041132330611,
          0.09442691818468442,
          -0.2194599654703056,
          -1.3556094281289126
        ],
        [
          0.0,
          0.0,
          0.0,
          1.0
        ]
      ]
    },
    {
      "file_path": "./train/00043.jpg",
      "transform_matrix": [
        [
          0.36058842488643383,
          -0.007329363347387857,
          0.932696235797509,
          4.097702594133319
        ],
        [
          0.09421993225411074,
          -0.9945678794981215,
          -0.04424180643509927,
          -0.20913914779825377
        ],
        [
          0.9279539817275161,
          0.10383165944706836,
          -0.3579390929928115,
          -1.1763477266203448
        ],
        [
          0.0,
          0.0,
          0.0,
          1.0
        ]
      ]
    },
    {
      "file_path": "./train/00044.jpg",
      "transform_matrix": [
        [
          0.4447178176013535,
          -0.010335542133656473,
          0.8956110982322028,
          4.135320649612615
        ],
        [
          0.08445541035066743,
          -0.9949943196927847,
          -0.05341898016241994,
          -0.23054777933357104
        ],
        [
          0.8916800695150642,
          0.099395575092134,
          -0.44161880992742414,
          -1.166679280100718
        ],
        [
          0.0,
          0.0,
          0.0,
          1.0
        ]
      ]
    },
    {
      "file_path": "./train/00045.jpg",
      "transform_matrix": [
        [
          0.5737203929753435,
          -0.006108942494859638,
          0.8190284436488221,
          4.150177069971078
        ],
        [
          0.0743721660391977,
          -0.9954526329177236,
          -0.05952173162644115,
          -0.2347864629952536
        ],
        [
          0.8156676355004258,
          0.09506175066117063,
          -0.570657140460345,
          -1.1409030263016506
        ],
        [
          0.0,
          0.0,
          0.0,
          1.0
        ]
      ]
    },
    {
      "file_path": "./train/00046.jpg",
      "transform_matrix": [
        [
          0.6489723902813016,
          -0.002001847923404748,
          0.7608093251646337,
          4.1361417825815465
        ],
        [
          0.0661249058507264,
          -0.9960639931668537,
          -0.05902557363325379,
          -0.3367029601030584
        ],
        [
          0.7579329346840697,
          0.08861441260536376,
          -0.6462856585131684,
          -1.1112935393037717
        ],
        [
          0.0,
          0.0,
          0.0,
          1.0
        ]
      ]
    },
    {
      "file_path": "./train/00047.jpg",
      "transform_matrix": [
        [
          0.7018657358707747,
          0.012098967130084124,
          0.712206503624448,
          4.127903261272134
        ],
        [
          0.059253644296510484,
          -0.9973820333866134,
          -0.04144979029099251,
          -0.40102754052889356
        ],
        [
          0.7098404711258425,
          0.07129301839570121,
          -0.7007451827018663,
          -1.083230618625016
        ],
        [
          0.0,
          0.0,
          0.0,
          1.0
        ]
      ]
    },
    {
      "file_path": "./train/00048.jpg",
      "transform_matrix": [
        [
          0.7390759784030491,
          0.022226683093535423,
          0.6732552804889357,
          4.093758033160643
        ],
        [
          0.0538503080007173,
          -0.9982062791334393,
          -0.026160440111021165,
          -0.363754810773476
        ],
        [
          0.6714661886318652,
          0.055589557087945836,
          -0.7389471961290347,
          -1.0247493717556093
        ],
        [
          0.0,
          0.0,
          0.0,
          1.0
        ]
      ]
    },
    {
      "file_path": "./train/00051.jpg",
      "transform_matrix": [
        [
          0.32628447496430785,
          0.014061394597910568,
          0.9451670321055575,
          3.6926467466153325
        ],
        [
          0.07710827831634419,
          -0.9969530480638216,
          -0.011787000099460505,
          -0.09240346918132201
        ],
        [
          0.9421214119275474,
          0.07672611770588506,
          -0.326374551779742,
          -0.2558248984011501
        ],
        [
          0.0,
          0.0,
          0.0,
          1.0
        ]
      ]
    },
    {
      "file_path": "./train/00052.jpg",
      "transform_matrix": [
        [
          0.11736487541980634,
          0.03624242971649808,
          0.9924273133615067,
          3.7881520261324297
        ],
        [
          0.08773736502385109,
          -0.9958045388743904,
          0.025989904498369038,
          -0.03022789631172236
        ],
        [
          0.9892055604354257,
          0.08402265554841461,
          -0.12005229093285817,
          -0.06702570515677278
        ],
        [
          0.0,
          0.0,
          0.0,
          1.0
        ]
      ]
    },
    {
      "file_path": "./train/00053.jpg",
      "transform_matrix": [
        [
          -0.12914727220893096,
          0.04337528735393898,
          0.9906763177385212,
          3.9256345370245964
        ],
        [
          0.09424987095388025,
          -0.9939831835175184,
          0.055806744301709524,
          -0.02688793722464422
        ],
        [
          0.9871362337115224,
          0.10057840390134798,
          0.12428210153714044,
          0.13639567768335012
        ],
        [
          0.0,
          0.0,
          0.0,
          1.0
        ]
      ]
    },
    {
      "file_path": "./train/00054.jpg",
      "transform_matrix": [
        [
          -0.2542263333399509,
          0.009983433952818513,
          0.9670932232639383,
          4.142931587026996
        ],
        [
          0.103536692749583,
          -0.9939192981561394,
          0.03747775349838567,
          -0.01511410993543201
        ],
        [
          0.9615867743948032,
          0.10965746577099539,
          0.25164680707229403,
          0.2652685930615563
        ],
        [
          0.0,
          0.0,
          0.0,
          1.0
        ]
      ]
    },
    {
      "file_path": "./train/00055.jpg",
      "transform_matrix": [
        [
          -0.215336886281478,
          -0.0014688920070967447,
          0.9765387180050102,
          4.340295210005608
        ],
        [
          0.11248006177172895,
          -0.9933805594715893,
          0.023308791640499576,
          -0.011105967891034872
        ],
        [
          0.9700403399397498,
          0.11486037793853753,
          0.2140766976328589,
          0.4356346101852689
        ],
        [
          0.0,
          0.0,
          0.0,
          1.0
        ]
      ]
    },
    {
      "file_path": "./train/00056.jpg",
      "transform_matrix": [
        [
          -0.1681758168327774,
          -0.00517434117749044,
          0.9857434355987401,
          4.539839202041124
        ],
        [
          0.11695411717962059,
          -0.9930279175438598,
          0.014740741271757387,
          0.0035896601434310766
        ],
        [
          0.9787944774605973,
          0.11776578948015523,
          0.16760844167509006,
          0.6925726511012368
        ],
        [
          0.0,
          0.0,
          0.0,
          1.0
        ]
      ]
    },
    {
      "file_path": "./train/00059.jpg",
      "transform_matrix": [
        [
          -0.20695729207137945,
          -0.028404931794482367,
          0.9779375435620784,
          5.046670042046815
        ],
        [
          0.1142701916082998,
          -0.993438719867271,
          -0.004672598664585614,
          -0.09868545369799271
        ],
        [
          0.9716537462328256,
          0.1107820821172298,
          0.20884522430136432,
          1.5069647537540674
        ],
        [
          0.0,
          0.0,
          0.0,
          1.0
        ]
      ]
    },
    {
      "file_path": "./train/00060.jpg",
      "transform_matrix": [
        [
          -0.1865971962172333,
          -0.03313954089767532,
          0.9818774145446866,
          5.301347790783264
        ],
        [
          0.10956587151409722,
          -0.9938981031628891,
          -0.01272322005497332,
          -0.08662574414641873
        ],
        [
          0.9763077415258076,
          0.10520613745548424,
          0.18908956205585248,
          1.6735693203157025
        ],
        [
          0.0,
          0.0,
          0.0,
          1.0
        ]
      ]
    },
    {
      "file_path": "./train/00061.jpg",
      "transform_matrix": [
        [
          -0.12005650647188836,
          -0.03840049729278837,
          0.9920241111290751,
          5.436450490884069
        ],
        [
          0.10701869261707823,
          -0.993929370417611,
          -0.025522657615984757,
          -0.08240559574128853
        ],
        [
          0.9869819829582992,
          0.10310096230839948,
          0.12343725890826172,
          1.7266332417832246
        ],
        [
          0.0,
          0.0,
          0.0,
          1.0
        ]
      ]
    },
    {
      "file_path": "./train/00062.jpg",
      "transform_matrix": [
        [
          -0.08089670509319036,
          -0.01015783701779828,
          0.9966707287024059,
          5.2057724434294546
        ],
        [
          0.10256649933134114,
          -0.9947244976724771,
          -0.0018129934230860462,
          -0.002820326218642245
        ],
        [
          0.9914312060450683,
          0.10207836243473933,
          0.08151178812087621,
          1.5907485652515474
        ],
        [
          0.0,
          0.0,
          0.0,
          1.0
        ]
      ]
    },
    {
      "file_path": "./train/00063.jpg",
      "transform_matrix": [
        [
          -0.06258175468402521,
          0.020675623573677537,
          0.9978256574023882,
          4.9334191820944655
        ],
        [
          0.10101304747571967,
          -0.9945202194641047,
          0.02694248163657006,
          0.06712971873564685
        ],
        [
          0.9929148443951961,
          0.10247951828003732,
          0.06015031265716749,
          1.3679589429841559
        ],
        [
          0.0,
          0.0,
          0.0,
          1.0
        ]
      ]
    },
    {
      "file_path": "./train/00064.jpg",
      "transform_matrix": [
        [
          -0.018391713690774227,
          0.03092361894594047,
          0.999352527719224,
          4.6185172957369485
        ],
        [
          0.10589994745604843,
          -0.9938389122658328,
          0.03270195093679516,
          0.09921153681496514
        ],
        [
          0.9942066917881422,
          0.10643282509429433,
          0.015003591107617753,
          1.2398560449495706
        ],
        [
          0.0,
          0.0,
          0.0,
          1.0
        ]
      ]
    },
    {
      "file_path": "./train/00067.jpg",
      "transform_matrix": [
        [
          0.1339142458032597,
          0.06658162983001435,
          0.9887536909362831,
          3.7791283749888054
        ],
        [
          0.11524136942405744,
          -0.9920174700797829,
          0.05119341588305015,
          0.12477691586970581
        ],
        [
          0.9842694760807184,
          0.10708980168851726,
          -0.14051822952948842,
          0.7992369994457252
        ],
        [
          0.0,
          0.0,
          0.0,
          1.0
        ]
      ]
    },
    {
      "file_path": "./train/00068.jpg",
      "transform_matrix": [
        [
          0.28511066984706607,
          -0.0043577336820425135,
          0.958484697893771,
          3.5361702537648547
        ],
        [
          0.11718386995149294,
          -0.9923295897047806,
          -0.039369099805981134,
          0.17675625403920603
        ],
        [
          0.9513042870514927,
          0.12354349660543892,
          -0.28241309793271446,
          0.7726894921034896
        ],
        [
          0.0,
          0.0,
          0.0,
          1.0
        ]
      ]
    },
    {
      "file_path": "./train/00069.jpg",
      "transform_matrix": [
        [
          0.44015136846911723,
          -0.14874757125946528,
          0.8855173250022688,
          3.372590861342667
        ],
        [
          0.10664157372754356,
          -0.9705439691134466,
          -0.21603698472814756,
          0.18267716613610274
        ],
        [
          0.8915684761069539,
          0.18952193556928246,
          -0.41132358107747286,
          0.788560049831293
        ],
        [
          0.0,
          0.0,
          0.0,
          1.0
        ]
      ]
    },
    {
      "file_path": "./train/00070.jpg",
      "transform_matrix": [
        [
          0.5199088619695212,
          -0.11194022207970404,
          0.846855455155308,
          3.231036082939047
        ],
        [
          0.09485501114259114,
          -0.9776801837917305,
          -0.18746729069922302,
          0.10524817317172729
        ],
        [
          0.8489389271948224,
          0.1777943893988633,
          -0.49768650071263654,
          0.8314700858103258
        ],
        [
          0.0,
          0.0,
          0.0,
          1.0
        ]
      ]
    },
    {
      "file_path": "./train/00071.jpg",
      "transform_matrix": [
        [
          0.43567472605144986,
          -0.04784001662772561,
          0.8988319452984819,
          3.1998736877191143
        ],
        [
          0.09766592206124769,
          -0.9901782750201592,
          -0.10004174801565689,
          0.03481035438906178
        ],
        [
          0.8947898640172007,
          0.13137091187611066,
          -0.4267233093761328,
          0.947547451429331
        ],
        [
          0.0,
          0.0,
          0.0,
          1.0
        ]
      ]
    },
    {
      "file_path": "./train/00072.jpg",
      "transform_matrix": [
        [
          0.20241539432238936,
          0.08191806915935819,
          0.9758675310135665,
          3.2173417960654915
        ],
        [
          0.09075654354153405,
          -0.9937758976835415,
          0.0645965555402525,
          0.044831650320700286
        ],
        [
          0.9750852567574309,
          0.07549102680765375,
          -0.2085901410082003,
          1.014083911458531
        ],
        [
          0.0,
          0.0,
          0.0,
          1.0
        ]
      ]
    },
    {
      "file_path": "./train/00075.jpg",
      "transform_matrix": [
        [
          -0.1341823754378216,
          0.11406514312899627,
          0.9843699676670481,
          3.174569711287147
        ],
        [
          0.12849868032369427,
          -0.9829635516991102,
          0.13141820720942599,
          0.10723491847760042
        ],
        [
          0.9825900362190392,
          0.1441242490146339,
          0.11723916397277519,
          1.0503180578715925
        ],
        [
          0.0,
          0.0,
          0.0,
          1.0
        ]
      ]
    },
    {
      "file_path": "./train/00076.jpg",
      "transform_matrix": [
        [
          -0.2850256103965698,
          0.08406726893488027,
          0.95482621230876,
          3.052210832046053
        ],
        [
          0.13606796595043724,
          -0.9825097520482383,
          0.12712236535016128,
          0.08091587969030258
        ],
        [
          0.9488128951801682,
          0.16615439032399879,
          0.26860157951115415,
          1.1117246941501049
        ],
        [
          0.0,
          0.0,
          0.0,
          1.0
        ]
      ]
    },
    {
      "file_path": "./train/00077.jpg",
      "transform_matrix": [
        [
          -0.3758852205097619,
          0.026229351309826274,
          0.9262949433804513,
          3.001119769929026
        ],
        [
          0.14486486549257607,
          -0.9856460296301015,
          0.086695299873956,
          0.06838364595194137
        ],
        [
          0.915272894686686,
          0.16677507428954433,
          0.36669006374262647,
          1.1243186709182962
        ],
        [
          0.0,
          0.0,
          0.0,
          1.0
        ]
      ]
    },
    {
      "file_path": "./train/00078.jpg",
      "transform_matrix": [
        [
          -0.40311873168101914,
          0.0157944213415795,
          0.9150113793950164,
          2.9061471216176438
        ],
        [
          0.1482702279279497,
          -0.9855136366840955,
          0.0823335376373593,
          -0.003034922827067538
        ],
        [
          0.9030566026989004,
          0.16885913704675048,
          0.39493716482213514,
          1.139289576771458
        ],
        [
          0.0,
          0.0,
          0.0,
          1.0
        ]
      ]
    },
    {
      "file_path": "./train/00079.jpg",
      "transform_matrix": [
        [
          -0.5788006959448697,
          -0.0008899386045823426,
          0.8154685538897345,
          2.836675076780774
        ],
        [
          0.1372968327692781,
          -0.9858304026608641,
          0.0963742543475348,
          -0.12658335492211464
        ],
        [
          0.8038279256689577,
          0.1677427351595249,
          0.5707215088954876,
          1.1994838187537218
        ],
        [
          0.0,
          0.0,
          0.0,
          1.0
        ]
      ]
    },
    {
      "file_path": "./train/00080.jpg",
      "transform_matrix": [
        [
          -0.6169942916995674,
          -0.0019696979144054865,
          0.7869651607919342,
          2.8222500365555323
        ],
        [
          0.1339225928708964,
          -0.9856734848701557,
          0.10253058247498183,
          -0.18750179988978322
        ],
        [
          0.7754887382347244,
          0.16865319894401326,
          0.6084187006963756,
          1.2247511692714532
        ],
        [
          0.0,
          0.0,
          0.0,
          1.0
        ]
      ]
    },
    {
      "file_path": "./train/00083.jpg",
      "transform_matrix": [
        [
          -0.5070116545840091,
          0.01587009093092465,
          0.8617930855662681,
          2.7341306939940524
        ],
        [
          0.13675068901755283,
          -0.9856857010667246,
          0.09860500882726046,
          -0.39930728564339907
        ],
        [
          0.8510219921771763,
          0.16784468691753024,
          0.49758389232806394,
          1.434044560664234
        ],
        [
          0.0,
          0.0,
          0.0,
          1.0
        ]
      ]
    },
    {
      "file_path": "./train/00084.jpg",
      "transform_matrix": [
        [
          -0.47092298876399646,
          0.026976155376371044,
          0.8817617737771888,
          2.693666077465543
        ],
        [
          0.13754955115798478,
          -0.985062256965022,
          0.10359763935154931,
          -0.4288216207472358
        ],
        [
          0.8713849089982113,
          0.1700724461636471,
          0.4601779041045882,
          1.4973218657886043
        ],
        [
          0.0,
          0.0,
          0.0,
          1.0
        ]
      ]
    },
    {
      "file_path": "./train/00085.jpg",
      "transform_matrix": [
        [
          -0.4321360998115472,
          0.03697659972705271,
          0.901050010994001,
          2.6530924125495816
        ],
        [
          0.13868484650359786,
          -0.9845484466401639,
          0.10691524479097328,
          -0.529980190018783
        ],
        [
          0.8910807508806018,
          0.17116391936113626,
          0.4203308317492264,
          1.589621275123765
        ],
        [
          0.0,
          0.0,
          0.0,
          1.0
        ]
      ]
    },
    {
      "file_path": "./train/00086.jpg",
      "transform_matrix": [
        [
          -0.4545449219727877,
          0.023229696456785888,
          0.8904208528057266,
          2.670924241600662
        ],
        [
          0.13480961308130499,
          -0.9863501365536623,
          0.09455039048803927,
          -0.43282239054169314
        ],
        [
          0.8804631066260643,
          0.1630146905131481,
          0.44520885946629735,
          1.650855714105668
        ],
        [
          0.0,
          0.0,
          0.0,
          1.0
        ]
      ]
    },
    {
      "file_path": "./train/00087.jpg",
      "transform_matrix": [
        [
          -0.548281871924108,
          -0.23457192406421865,
          0.8027222442166442,
          2.689304270305938
        ],
        [
          0.13459817514153116,
          -0.9720950100331193,
          -0.19213178476576845,
          -0.3671785918370848
        ],
        [
          0.8253910104719854,
          0.0027025746095793975,
          0.5645550247075248,
          1.6307307203413703
        ],
        [
          0.0,
          0.0,
          0.0,
          1.0
        ]
      ]
    },
    {
      "file_path": "./train/00088.jpg",
      "transform_matrix": [
        [
          -0.586597603500536,
          -0.4047595022755312,
          0.7014791492874832,
          2.666845716952972
        ],
        [
          0.1154322155759251,
          -0.899095877507645,
          -0.422258222721584,
          -0.3451748393916715
        ],
        [
          0.8016100393424845,
          -0.16672236912430766,
          0.5741297731862692,
          1.649074199266155
        ],
        [
          0.0,
          0.0,
          0.0,
          1.0
        ]
      ]
    },
    {
      "file_path": "./train/00091.jpg",
      "transform_matrix": [
        [
          -0.15527463914517267,
          -0.6024362895159487,
          0.7829178140217476,
          2.487470053167098
        ],
        [
          0.04435972140081072,
          -0.795982772456107,
          -0.6036916771584082,
          -0.3488927941295794
        ],
