{
  "camera_angle_x": 1.1868535749573557,
  "camera_angle_y": 0.8226821381618385,
  "w": 5187,
  "h": 3361,
  "frames": [
    {
      "file_path": "./train/DSC07958.JPG",
      "transform_matrix": [
        [
          0.9402466524023904,
          0.056568472144838955,
          -0.33576217864032404,
          -1.1916220814195984
        ],
        [
          0.1528384051519247,
          -0.9512953688672487,
          0.2677266200480282,
          2.825290951303814
        ],
        [
          -0.30426411973269935,
          -0.303046414152888,
          -0.9030981210878258,
          -2.905461196236204
        ],
        [
          0.0,
          0.0,
          0.0,
          1.0
        ]
      ]
    },
    {
      "file_path": "./train/DSC07959.JPG",
      "transform_matrix": [
        [
          0.8634548172747626,
          0.08459594092417481,
          -0.49728191733076327,
          -1.873832988364166
        ],
        [
          0.22176010890461523,
          -0.9491202241176163,
          0.22359171332931577,
          2.591260442540366
        ],
        [
          -0.45306537345467013,
          -0.30333863412048134,
          -0.8382824347594914,
          -2.526694008900691
        ],
        [
          0.0,
          0.0,
          0.0,
          1.0
        ]
      ]
    },
    {
      "file_path": "./train/DSC07960.JPG",
      "transform_matrix": [
        [
          0.7553772729326289,
          0.11374692435558298,
          -0.6453423996116402,
          -2.4083746017810332
        ],
        [
          0.30244951800774816,
          -0.9341655753861924,
          0.18936463983612364,
          2.4120876867894188
        ],
        [
          -0.5813170086912522,
          -0.33822524294178474,
          -0.7400501472489721,
          -2.1613769856273404
        ],
        [
          0.0,
          0.0,
          0.0,
          1.0
        ]
      ]
    },
    {
      "file_path": "./train/DSC07961.JPG",
      "transform_matrix": [
        [
          0.638820977894432,
          0.12162134648057803,
          -0.7596815163489584,
          -2.952298268899898
        ],
        [
          0.34328362479655466,
          -0.928741790325116,
          0.13998228405850682,
          2.0787977423966484
        ],
        [
          -0.6885231377002081,
          -0.35020984421336515,
          -0.6350503553794067,
          -1.5523613523257103
        ],
        [
          0.0,
          0.0,
          0.0,
          1.0
        ]
      ]
    },
    {
      "file_path": "./train/DSC07962.JPG",
      "transform_matrix": [
        [
          0.4717126755843022,
          0.14330885340132268,
          -0.8700285766742935,
          -3.4166628460181556
        ],
        [
          0.3995722037411191,
          -0.91432013899398,
          0.06603587984947555,
          1.7659905606502875
        ],
        [
          -0.7860211229289988,
          -0.37878919726785637,
          -0.4885586334746409,
          -0.9752561451985033
        ],
        [
          0.0,
          0.0,
          0.0,
          1.0
        ]
      ]
    },
    {
      "file_path": "./train/DSC07963.JPG",
      "transform_matrix": [
        [
          0.2842840325369683,
          0.14993846184515225,
          -0.9469430006626742,
          -3.662063951762298
        ],
        [
          0.4482973503348656,
          -0.8938574852652601,
          -0.006948504731552778,
          1.36055354160916
        ],
        [
          -0.8474739373734501,
          -0.42253668917003573,
          -0.32132642558302893,
          -0.22807816223245658
        ],
        [
          0.0,
          0.0,
          0.0,
          1.0
        ]
      ]
    },
    {
      "file_path": "./train/DSC07966.JPG",
      "transform_matrix": [
        [
          -0.2163016919441152,
          0.1504254138179412,
          -0.9646687374118712,
          -3.538971221974743
        ],
        [
          0.45647271935509226,
          -0.8578349364630419,
          -0.2361183564825402,
          0.3646233908025395
        ],
        [
          -0.8630447465494936,
          -0.49141776184947766,
          0.11688605046013778,
          1.6378282621718097
        ],
        [
          0.0,
          0.0,
          0.0,
          1.0
        ]
      ]
    },
    {
      "file_path": "./train/DSC07967.JPG",
      "transform_matrix": [
        [
          -0.4344259255442784,
          0.1473112040052925,
          -0.8885794980695361,
          -3.3926089979415264
        ],
        [
          0.43257695294266546,
          -0.8311907496049452,
          -0.34928372071141295,
          -0.006524345118665276
        ],
        [
          -0.79003246452145,
          -0.5361169153698477,
          0.29736737893804616,
          2.266995305583914
        ],
        [
          0.0,
          0.0,
          0.0,
          1.0
        ]
      ]
    },
    {
      "file_path": "./train/DSC07968.JPG",
      "transform_matrix": [
        [
          -0.5989403447145206,
          0.1276559302361696,
          -0.7905532410589364,
          -3.062113068061624
        ],
        [
          0.3869598476738769,
          -0.8181660187025498,
          -0.4252839547039473,
          -0.33287217668363356
        ],
        [
          -0.7010938166618366,
          -0.5606320801701927,
          0.44063491795655674,
          2.864568300633558
        ],
        [
          0.0,
          0.0,
          0.0,
          1.0
        ]
      ]
    },
    {
      "file_path": "./train/DSC07969.JPG",
      "transform_matrix": [
        [
          -0.7260783982129687,
          0.12611338365977515,
          -0.6759479078378536,
          -2.475961685274952
        ],
        [
          0.3294015459738982,
          -0.799102267874691,
          -0.5029216509432971,
          -0.5278415018304659
        ],
        [
          -0.603576657234601,
          -0.587818832583142,
          0.5386689511212767,
          3.2534734666989023
        ],
        [
          0.0,
          0.0,
          0.0,
          1.0
        ]
      ]
    },
    {
      "file_path": "./train/DSC07970.JPG",
      "transform_matrix": [
        [
          -0.8540425398528033,
          0.10548664210071257,
          -0.5093956305859806,
          -1.7551479287700156
        ],
        [
          0.24973341540756597,
          -0.7758661796328058,
          -0.5793659400852512,
          -0.6922696795751865
        ],
        [
          -0.45633820939150443,
          -0.6220162695945427,
          0.6362791832278065,
          3.569477404098061
        ],
        [
          0.0,
          0.0,
          0.0,
          1.0
        ]
      ]
    },
    {
      "file_path": "./train/DSC07971.JPG",
      "transform_matrix": [
        [
          -0.9284014510241649,
          0.04844196236621072,
          -0.36840754880747933,
          -1.1683460623036037
        ],
        [
          0.18989031199544223,
          -0.7903705215109076,
          -0.582456958183907,
          -0.8217981131776978
        ],
        [
          -0.31939382452780496,
          -0.6107109095215891,
          0.7245824796700612,
          3.7371951855175034
        ],
        [
          0.0,
          0.0,
          0.0,
          1.0
        ]
      ]
    },
    {
      "file_path": "./train/DSC07974.JPG",
      "transform_matrix": [
        [
          -0.9897201929091481,
          -0.03297796382373997,
          0.1391631907147822,
          0.8911700109503228
        ],
        [
          -0.06215428224552993,
          -0.7771751944796457,
          -0.6262072837999154,
          -1.0185269621700856
        ],
        [
          0.12880522095948496,
          -0.628419581957441,
          0.7671362617332161,
          4.052108452453291
        ],
        [
          0.0,
          0.0,
          0.0,
          1.0
        ]
      ]
    },
    {
      "file_path": "./train/DSC07975.JPG",
      "transform_matrix": [
        [
          -0.947644757452405,
          -0.059460282473750625,
          0.3137417544432268,
          1.5227100503400297
        ],
        [
          -0.1432132269774677,
          -0.7990204861250286,
          -0.5840002006602596,
          -0.9077917783809625
        ],
        [
          0.2854109060489325,
          -0.5983566975982344,
          0.7486720758433977,
          3.850870690229902
        ],
        [
          0.0,
          0.0,
          0.0,
          1.0
        ]
      ]
    },
    {
      "file_path": "./train/DSC07976.JPG",
      "transform_matrix": [
        [
          -0.876630170435984,
          -0.0932896231306269,
          0.4720345225696123,
          2.107967106450911
        ],
        [
          -0.22963803058259535,
          -0.7809744169133211,
          -0.5808143722714211,
          -0.6803459900618635
        ],
        [
          0.4228308399248133,
          -0.6175564802858466,
          0.6632028908753581,
          3.441820269087384
        ],
        [
          0.0,
          0.0,
          0.0,
          1.0
        ]
      ]
    },
    {
      "file_path": "./train/DSC07977.JPG",
      "transform_matrix": [
        [
          -0.7452338156467186,
          -0.14329083188199299,
          0.6512252279474426,
          2.8986381686247484
        ],
        [
          -0.3080161709976083,
          -0.792220532011522,
          -0.5267947105499003,
          -0.45845065005264113
        ],
        [
          0.5913988488495767,
          -0.5931731333750269,
          0.5462536365292665,
          3.0602632596241937
        ],
        [
          0.0,
          0.0,
          0.0,
          1.0
        ]
      ]
    },
    {
      "file_path": "./train/DSC07978.JPG",
      "transform_matrix": [
        [
          -0.568018119589846,
          -0.18017875708151107,
          0.8030510764043451,
          3.2842754659868323
        ],
        [
          -0.3834430849327414,
          -0.8054365758347651,
          -0.45193287435727786,
          -0.16869991253012076
        ],
        [
          0.7282354127855072,
          -0.5646304435682958,
          0.38841427079986607,
          2.501008163490612
        ],
        [
          0.0,
          0.0,
          0.0,
          1.0
        ]
      ]
    },
    {
      "file_path": "./train/DSC07979.JPG",
      "transform_matrix": [
        [
          -0.37999819278765506,
          -0.18195662725174003,
          0.906914085940497,
          3.6538713214202496
        ],
        [
          -0.44209533666170747,
          -0.8254989644393752,
          -0.35086061764109466,
          0.2400778685406351
        ],
        [
          0.8124980534007987,
          -0.5342688887710852,
          0.23324593825235646,
          1.7951108750511462
        ],
        [
          0.0,
          0.0,
          0.0,
          1.0
        ]
      ]
    },
    {
      "file_path": "./train/DSC07982.JPG",
      "transform_matrix": [
        [
          0.2545884189307793,
          -0.2612541571208105,
          0.9310912964545535,
          3.5224691034480275
        ],
        [
          -0.46062942816579455,
          -0.8793362113027602,
          -0.12078227270324401,
          1.1730210986742327
        ],
        [
          0.850297163851544,
          -0.39813828361362397,
          -0.34421016874464694,
          -0.08720786872436752
        ],
        [
          0.0,
          0.0,
          0.0,
          1.0
        ]
      ]
    },
    {
      "file_path": "./train/DSC07983.JPG",
      "transform_matrix": [
        [
          0.4706244454824376,
          -0.20153309360622454,
          0.8590093384217966,
          3.3589166292863872
        ],
        [
          -0.42819359175638716,
          -0.9034032477366845,
          0.0226455284234019,
          1.5496459061718588
        ],
        [
          0.771468002766876,
          -0.3784798332280274,
          -0.5114588317221358,
          -0.7519064506072949
        ],
        [
          0.0,
          0.0,
          0.0,
          1.0
        ]
      ]
    },
    {
      "file_path": "./train/DSC07984.JPG",
      "transform_matrix": [
        [
          0.6575960899196381,
          -0.1651984187684926,
          0.735035281438104,
          3.0924933784503574
        ],
        [
          -0.3779056092783996,
          -0.9163659513816038,
          0.13213929629148916,
          1.9305824165890375
        ],
        [
          0.6517321021695376,
          -0.3646682404390024,
          -0.6650280756605672,
          -1.401047607355062
        ],
        [
          0.0,
          0.0,
          0.0,
          1.0
        ]
      ]
    },
    {
      "file_path": "./train/DSC07985.JPG",
      "transform_matrix": [
        [
          0.7908790042278683,
          -0.12658187100574234,
          0.5987381987181221,
          2.714777391750425
        ],
        [
          -0.30812432351559094,
          -0.9276794746786828,
          0.21087957112518657,
          2.2319503377905034
        ],
        [
          0.5287436069869735,
          -0.3512660276664522,
          -0.7726851725494907,
          -1.9842851703516915
        ],
        [
          0.0,
          0.0,
          0.0,
          1.0
        ]
      ]
    },
    {
      "file_path": "./train/DSC07986.JPG",
      "transform_matrix": [
        [
          0.8804804892705898,
          -0.0901320110082581,
          0.46543563314966563,
          2.3485630934006014
        ],
        [
          -0.2382453093574318,
          -0.9329086377894912,
          0.2700382308247069,
          2.522550103328651
        ],
        [
          0.4098698337070009,
          -0.3486512500040166,
          -0.8428813826913202,
          -2.5314749227487594
        ],
        [
          0.0,
          0.0,
          0.0,
          1.0
        ]
      ]
    },
    {
      "file_path": "./train/DSC07987.JPG",
      "transform_matrix": [
        [
          0.9402184219854266,
          -0.061224914662398926,
          0.33502362421748116,
          1.8495075905732352
        ],
        [
          -0.17766392960493055,
          -0.9274258943189466,
          0.3291150842244036,
          2.7624070037815525
        ],
        [
          0.2905595413621248,
          -0.3689616787300329,
          -0.8828603697936315,
          -2.9836502187628877
        ],
        [
          0.0,
          0.0,
          0.0,
          1.0
        ]
      ]
    },
    {
      "file_path": "./train/DSC07990.JPG",
      "transform_matrix": [
        [
          0.9643722717051837,
          0.07312826250025747,
          -0.25424078899711705,
          -0.7512165799025873
        ],
        [
          0.1198291511507456,
          -0.9775423166674384,
          0.17335510854586714,
          2.5126206229498997
        ],
        [
          -0.23585397198409633,
          -0.19764431777349697,
          -0.9514776022330604,
          -3.386552150239586
        ],
        [
          0.0,
          0.0,
          0.0,
          1.0
        ]
      ]
    },
    {
      "file_path": "./train/DSC07991.JPG",
      "transform_matrix": [
        [
          0.9230566511110677,
          0.07844995664063581,
          -0.3765793716372454,
          -1.338774991579413
        ],
        [
          0.15367027333668015,
          -0.9726743065117243,
          0.17404062900531675,
          2.4083596570692993
        ],
        [
          -0.35263559935470257,
          -0.2185184151393622,
          -0.9098889142707097,
          -3.181125249456953
        ],
        [
          0.0,
          0.0,
          0.0,
          1.0
        ]
      ]
    },
    {
      "file_path": "./train/DSC07992.JPG",
      "transform_matrix": [
        [
          0.8569539286415658,
          0.12816947832679687,
          -0.49920191206687337,
          -1.9120608977053797
        ],
        [
          0.2305704864705119,
          -0.9615923665658134,
          0.14892068805612463,
          2.18065306240479
        ],
        [
          -0.4609416611183428,
          -0.24271939639796986,
          -0.853592455248796,
          -2.798672661130835
        ],
        [
          0.0,
          0.0,
          0.0,
          1.0
        ]
      ]
    },
    {
      "file_path": "./train/DSC07993.JPG",
      "transform_matrix": [
        [
          0.7758061707954225,
          0.16233342161099154,
          -0.609731617667816,
          -2.3550967411344303
        ],
        [
          0.2757758724443019,
          -0.9563896137989244,
          0.09626304999909589,
          1.9710725823717072
        ],
        [
          -0.5675142760612527,
          -0.24283073702810434,
          -0.7867406050414963,
          -2.387824438105322
        ],
        [
          0.0,
          0.0,
          0.0,
          1.0
        ]
      ]
    },
    {
      "file_path": "./train/DSC07994.JPG",
      "transform_matrix": [
        [
          0.6694825294717979,
          0.1948007498142666,
          -0.7168303917970016,
          -2.7463907133036596
        ],
        [
          0.3387434424223502,
          -0.9388846981872755,
          0.06122420865674617,
          1.735943692538222
        ],
        [
          -0.6610945643006749,
          -0.283810132626706,
          -0.6945543792033223,
          -1.9422168011838035
        ],
        [
          0.0,
          0.0,
          0.0,
          1.0
        ]
      ]
    },
    {
      "file_path": "./train/DSC07995.JPG",
      "transform_matrix": [
        [
          0.5324473426557965,
          0.22370885466114382,
          -0.8163664469127696,
          -3.109037915040423
        ],
        [
          0.39114464753285133,
          -0.920324601080929,
          0.002914335538425641,
          1.4601884025582972
        ],
        [
          -0.7506701619254506,
          -0.32086909634838356,
          -0.5775269093327076,
          -1.4346016867674323
        ],
        [
          0.0,
          0.0,
          0.0,
          1.0
        ]
      ]
    },
    {
      "file_path": "./train/DSC07998.JPG",
      "transform_matrix": [
        [
          0.0590081835997579,
          0.3140690247338869,
          -0.9475646056976599,
          -3.5395726189197023
        ],
        [
          0.48010170828617965,
          -0.8411595311966363,
          -0.24890358128750792,
          0.5628352494473818
        ],
        [
          -0.8752259045349087,
          -0.4402400376837163,
          -0.200420371348051,
          0.31100382179803593
        ],
        [
          0.0,
          0.0,
          0.0,
          1.0
        ]
      ]
    },
    {
      "file_path": "./train/DSC07999.JPG",
      "transform_matrix": [
        [
          -0.10254371270422998,
          0.31166393636308287,
          -0.9446429895762208,
          -3.5407456697561925
        ],
        [
          0.47476957487146115,
          -0.8191679544189279,
          -0.3218038427823402,
          0.25092533885269386
        ],
        [
          -0.8741159178056443,
          -0.4814867113677982,
          -0.06396803119542069,
          0.8439513631115529
        ],
        [
          0.0,
          0.0,
          0.0,
          1.0
        ]
      ]
    },
    {
      "file_path": "./train/DSC08000.JPG",
      "transform_matrix": [
        [
          -0.30964850504267866,
          0.32773400486673293,
          -0.8925851362076597,
          -3.3357549237411224
        ],
        [
          0.4515555774234666,
          -0.7754302075620837,
          -0.441367821321382,
          -0.05476850259630786
        ],
        [
          -0.8367887211372975,
          -0.5397206826259634,
          0.09212068672763037,
          1.4019020131956237
        ],
        [
          0.0,
          0.0,
          0.0,
          1.0
        ]
      ]
    },
    {
      "file_path": "./train/DSC08001.JPG",
      "transform_matrix": [
        [
          -0.4408922484968415,
          0.31237047574632476,
          -0.8414503616360345,
          -3.117483218497094
        ],
        [
          0.4140029145901609,
          -0.761027147092503,
          -0.49943895332572674,
          -0.31662390147100306
        ],
        [
          -0.79637655159243,
          -0.5685616653189522,
          0.20620868265785644,
          1.8556302177766417
        ],
        [
          0.0,
          0.0,
          0.0,
          1.0
        ]
      ]
    },
    {
      "file_path": "./train/DSC08002.JPG",
      "transform_matrix": [
        [
          -0.5642658732600657,
          0.29939385862555296,
          -0.7693941393663962,
          -2.725336184130648
        ],
        [
          0.37590455630038233,
          -0.736555760198231,
          -0.5623000770686581,
          -0.5452102015278688
        ],
        [
          -0.735050874992111,
          -0.6065055065999884,
          0.3030697636472884,
          2.274314301155333
        ],
        [
          0.0,
          0.0,
          0.0,
          1.0
        ]
      ]
    },
    {
      "file_path": "./train/DSC08003.JPG",
      "transform_matrix": [
        [
          -0.6871811134049565,
          0.2752893538694434,
          -0.6723078826145562,
          -2.258828090279286
        ],
        [
          0.3214483402992889,
          -0.7146878384447357,
          -0.6212022682653563,
          -0.7740313755414165
        ],
        [
          -0.651500638448157,
          -0.6429907193928508,
          0.40262867865603874,
          2.6803136126053646
        ],
        [
          0.0,
          0.0,
          0.0,
          1.0
        ]
      ]
    },
    {
      "file_path": "./train/DSC08006.JPG",
      "transform_matrix": [
        [
          -0.948121948498619,
          0.11041084289216044,
          -0.2981177897191394,
          -0.7241290136987599
        ],
        [
          0.15289044069390081,
          -0.663819310055062,
          -0.7320986523293471,
          -1.2206383431728198
        ],
        [
          -0.27872797477039707,
          -0.7396981609885643,
          0.6125008952732469,
          3.4390193126543998
        ],
        [
          0.0,
          0.0,
          0.0,
          1.0
        ]
      ]
    },
    {
      "file_path": "./train/DSC08007.JPG",
      "transform_matrix": [
        [
          -0.9866905641784744,
          0.05448321732778832,
          -0.15321001791911695,
          -0.14525128587685687
        ],
        [
          0.08186992188239546,
          -0.6476195548921493,
          -0.7575527889277849,
          -1.279617085312118
        ],
        [
          -0.14049571684622142,
          -0.7600134809007715,
          0.6345395672430195,
          3.5498185899515646
        ],
        [
          0.0,
          0.0,
          0.0,
          1.0
        ]
      ]
    },
    {
      "file_path": "./train/DSC08008.JPG",
      "transform_matrix": [
        [
          -0.9998155736997032,
          -0.004471745200641048,
          0.018676779229665316,
          0.49426757519464526
        ],
        [
          -0.011440565698829242,
          -0.6424305256683872,
          -0.7662585289221455,
          -1.3360931803935778
        ],
        [
          0.015425045997464177,
          -0.766330883616405,
          0.6422608852885839,
          3.6280779314990297
        ],
        [
          0.0,
          0.0,
          0.0,
          1.0
        ]
      ]
    },
    {
      "file_path": "./train/DSC08009.JPG",
      "transform_matrix": [
        [
          -0.9812149198178072,
          -0.06597212953382509,
          0.18128695278951065,
          1.1177976340703604
        ],
        [
          -0.0942481751583574,
          -0.6560084625952983,
          -0.7488458976870156,
          -1.3354607305173836
        ],
        [
          0.16832873375111468,
          -0.7518647319352897,
          0.637467538205375,
          3.6157151348685486
        ],
        [
          0.0,
          0.0,
          0.0,
          1.0
        ]
      ]
    },
    {
      "file_path": "./train/DSC08010.JPG",
      "transform_matrix": [
        [
          -0.9405494931430018,
          -0.12291425531410322,
          0.316636600520252,
          1.7845498323116804
        ],
        [
          -0.16397519130526436,
          -0.6520784147621029,
          -0.7402066452266858,
          -1.2772189714529933
        ],
        [
          0.2974538410994959,
          -0.748121532133598,
          0.5931571339647138,
          3.469689199959549
        ],
        [
          0.0,
          0.0,
          0.0,
          1.0
        ]
      ]
    },
    {
      "file_path": "./train/DSC08011.JPG",
      "transform_matrix": [
        [
          -0.8597317170054165,
          -0.16459034530887076,
          0.4834991137592959,
          2.3117360794790676
        ],
        [
          -0.2638874202927477,
          -0.6673643151645603,
          -0.6964110138820149,
          -1.1035931801780028
        ],
        [
          0.43729258418838596,
          -0.7263159705500382,
          0.5303209469159208,
          3.142004065688119
        ],
        [
          0.0,
          0.0,
          0.0,
          1.0
        ]
      ]
    },
    {
      "file_path": "./train/DSC08014.JPG",
      "transform_matrix": [
        [
          -0.3829261705893621,
          -0.33295548641263434,
          0.8616891504164902,
          3.6684659075929553
        ],
        [
          -0.4483879157056793,
          -0.7485452126713925,
          -0.48849599961090373,
          -0.22678827879259106
        ],
        [
          0.8076607115162179,
          -0.5734289046206736,
          0.13734433522592424,
          1.571302185926468
        ],
        [
          0.0,
          0.0,
          0.0,
          1.0
        ]
      ]
    },
    {
      "file_path": "./train/DSC08015.JPG",
      "transform_matrix": [
        [
          -0.17215139435758453,
          -0.3991465550956726,
          0.900580881973405,
          3.781990163677349
        ],
        [
          -0.46868510876356134,
          -0.770931187256574,
          -0.4312764465380152,
          -0.016925074333731846
        ],
        [
          0.8664283964898816,
          -0.4963336902431932,
          -0.05435716774764895,
          0.9621526810134365
        ],
        [
          0.0,
          0.0,
          0.0,
          1.0
        ]
      ]
    },
    {
      "file_path": "./train/DSC08016.JPG",
      "transform_matrix": [
        [
          -0.01765454842829283,
          -0.4340682248324217,
          0.9007069962593958,
          3.5566232868998875
        ],
        [
          -0.47676775905837165,
          -0.7881801946485611,
          -0.3891843839187471,
          0.2874445320406122
        ],
        [
          0.8788519902931617,
          -0.43629893072821807,
          -0.19303476941515485,
          0.40614303944764835
        ],
        [
          0.0,
          0.0,
          0.0,
          1.0
        ]
      ]
    },
    {
      "file_path": "./train/DSC08017.JPG",
      "transform_matrix": [
        [
          0.24241082599047742,
          -0.43416009596652566,
          0.8676070553614419,
          3.4417406841636105
        ],
        [
          -0.4813087594086666,
          -0.8302874363398135,
          -0.28100649667356564,
          0.6581285476061756
        ],
        [
          0.8423650453093986,
          -0.34946785850289247,
          -0.4102357204270461,
          -0.23515639693838244
        ],
        [
          0.0,
          0.0,
          0.0,
          1.0
        ]
      ]
    },
    {
      "file_path": "./train/DSC08018.JPG",
      "transform_matrix": [
        [
          0.48349728874114706,
          -0.3707806016801641,
          0.792938911390818,
          3.2007539697016614
        ],
        [
          -0.4322777512430156,
          -0.8888310542853565,
          -0.1520371754481881,
          1.081806016680443
        ],
        [
          0.7611611639858156,
          -0.26926028737204655,
          -0.5900276095947388,
          -0.9732296264190322
        ],
        [
          0.0,
          0.0,
          0.0,
          1.0
        ]
      ]
    },
    {
      "file_path": "./train/DSC08019.JPG",
      "transform_matrix": [
        [
          0.6740562053128042,
          -0.2910578901324197,
          0.6789208618616509,
          2.8799551293698418
        ],
        [
          -0.35410679623414715,
          -0.9339302480027135,
          -0.04881258778612529,
          1.4051667504042296
        ],
        [
          0.6482720177056011,
          -0.20750806359574148,
          -0.7325870559890167,
          -1.5557170579985315
        ],
        [
          0.0,
          0.0,
          0.0,
          1.0
        ]
      ]
    },
    {
      "file_path": "./train/DSC08022.JPG",
      "transform_matrix": [
        [
          0.9610635936313455,
          -0.11665267912243533,
          0.2504973481894811,
          1.4410152582952998
        ],
        [
          -0.14734705658473096,
          -0.9832322618938651,
          0.10743911804780344,
          2.096928436057742
        ],
        [
          0.23376401329593074,
          -0.14016587182560483,
          -0.9621371599014082,
          -2.8137115682093006
        ],
        [
          0.0,
          0.0,
          0.0,
          1.0
        ]
      ]
    },
    {
      "file_path": "./train/DSC08023.JPG",
      "transform_matrix": [
        [
          0.9963832025430145,
          -0.05096170553711607,
          0.06799572235717813,
          0.7346415443613075
        ],
        [
          -0.06170931970810277,
          -0.9840715424557208,
          0.1667188027487646,
          2.2923547490988327
        ],
        [
          0.05841638084723613,
          -0.17031178437667366,
          -0.9836571671833354,
          -3.230466848600776
        ],
        [
          0.0,
          0.0,
          0.0,
          1.0
        ]
      ]
    },
    {
      "file_path": "./train/DSC08024.JPG",
      "transform_matrix": [
        [
          0.9954417059170229,
          0.008971766443634057,
          -0.09494902594491496,
          -0.03022059683834564
        ],
        [
          0.024339062142561384,
          -0.9864979079950544,
          0.16195520237214248,
          2.323093287248234
        ],
        [
          -0.09221399121081243,
          -0.16352793317431108,
          -0.9822195247991715,
          -3.294983405552554
        ],
        [
          0.0,
          0.0,
          0.0,
          1.0
        ]
      ]
    },
    {
      "file_path": "./train/DSC08025.JPG",
      "transform_matrix": [
        [
          0.9971562560225047,
          0.015467034480591665,
          -0.07375752110501792,
          -0.07432246859731323
        ],
        [
          0.02842436126902646,
          -0.98361730174396,
          0.17801421122028316,
          2.0257542597023726
        ],
        [
          -0.06979582194966145,
          -0.17960449480541377,
          -0.9812597865418021,
          -3.568316628547964
        ],
        [
          0.0,
          0.0,
          0.0,
          1.0
        ]
      ]
    },
    {
      "file_path": "./train/DSC08026.JPG",
      "transform_matrix": [
        [
          0.9605803686991236,
          0.0759712583837196,
          -0.26742049878318963,
          -0.8172879077709803
        ],
        [
          0.12231720111066662,
          -0.9793204796340719,
          0.16115179329360263,
          1.947995117989854
        ],
        [
          -0.24964746660502793,
          -0.18750937594927197,
          -0.9500086190918512,
          -3.32584422543055
        ],
        [
          0.0,
          0.0,
          0.0,
          1.0
        ]
      ]
    },
    {
      "file_path": "./train/DSC08027.JPG",
      "transform_matrix": [
        [
          0.8963543280650793,
          0.13778132527082013,
          -0.4213848893418184,
          -1.4573246368086943
        ],
        [
          0.20271609597776463,
          -0.972675861297666,
          0.1131717865917882,
          1.7564267165717005
        ],
        [
          -0.3942779514384919,
          -0.18686352039780266,
          -0.899792710436135,
          -3.004080745935331
        ],
        [
          0.0,
          0.0,
          0.0,
          1.0
        ]
      ]
    },
    {
      "file_path": "./train/DSC08030.JPG",
      "transform_matrix": [
        [
          0.49127648181481126,
          0.3434109581637937,
          -0.8004475824366556,
          -3.0354386965847353
        ],
        [
          0.4056804120109893,
          -0.9034435664862072,
          -0.1386114190291553,
          0.9570582984609285
        ],
        [
          -0.7707598988830797,
          -0.2566293747561008,
          -0.5831556758585459,
          -1.3906061946503203
        ],
        [
          0.0,
          0.0,
          0.0,
          1.0
        ]
      ]
    },
    {
      "file_path": "./train/DSC08031.JPG",
      "transform_matrix": [
        [
          0.32240058998064186,
          0.3777343606836338,
          -0.8679715504203237,
          -3.293869817570794
        ],
        [
          0.44009595781454447,
          -0.8716209954172511,
          -0.21585270038417168,
          0.6320202422723461
        ],
        [
          -0.8380772085526682,
          -0.3123997328852359,
          -0.44725048842656445,
          -0.7710995283140297
        ],
        [
          0.0,
          0.0,
          0.0,
          1.0
        ]
      ]
    },
    {
      "file_path": "./train/DSC08032.JPG",
      "transform_matrix": [
        [
          0.14111893366108824,
          0.40517036239752713,
          -0.9032842431909316,
          -3.3988707968124645
        ],
        [
          0.4736832063698708,
          -0.8288287503424384,
          -0.29777025138342894,
          0.3226609762854508
        ],
        [
          -0.8693156311521817,
          -0.38584955622683886,
          -0.3088858258224804,
          -0.09914221075716415
        ],
        [
          0.0,
          0.0,
          0.0,
          1.0
        ]
      ]
    },
    {
      "file_path": "./train/DSC08033.JPG",
      "transform_matrix": [
        [
          -0.03243716918224726,
          0.41296295473868955,
          -0.910169999543455,
          -3.3944319985497957
        ],
        [
          0.48305608032779784,
          -0.7907494652047034,
          -0.37599482248671945,
          -0.08331511062072725
        ],
        [
          -0.8749883732449169,
          -0.4518593600800659,
          -0.17383459205304075,
          0.6005323475081249
        ],
        [
          0.0,
          0.0,
          0.0,
          1.0
        ]
      ]
    },
    {
      "file_path": "./train/DSC08034.JPG",
      "transform_matrix": [
        [
          -0.24090909889188217,
          0.4112324377793616,
          -0.8791192684665399,
          -3.2294100059786985
        ],
        [
          0.4677447064932521,
          -0.7444693673218384,
          -0.47642444381765614,
          -0.37148262290884826
        ],
        [
          -0.8503985510445335,
          -0.5259783676516221,
          -0.013002351475498448,
          1.1517728329318668
        ],
        [
          0.0,
          0.0,
          0.0,
          1.0
        ]
      ]
    },
    {
      "file_path": "./train/DSC08035.JPG",
      "transform_matrix": [
        [
          -0.43411823980802683,
          0.39816699418478085,
          -0.8080868756562237,
          -2.9900338745279056
        ],
        [
          0.4301754386864826,
          -0.6965184885927636,
          -0.5742918134531821,
          -0.6976181552356364
        ],
        [
          -0.7915114944313018,
          -0.5969296774246603,
          0.13108971886772153,
          1.7337898783074213
        ],
        [
          0.0,
          0.0,
          0.0,
          1.0
        ]
      ]
    },
    {
      "file_path": "./train/DSC08038.JPG",
      "transform_matrix": [
        [
          -0.8674505625775076,
          0.2259446693587926,
          -0.44325898510048417,
          -1.3165256026842767
        ],
        [
          0.23024080449908874,
          -0.6074827606864582,
          -0.7602327718616002,
          -1.3668903294070212
        ],
        [
          -0.44104273424190726,
          -0.7615206509721884,
          0.4749395800681564,
          2.9973599419541097
        ],
        [
          0.0,
          0.0,
          0.0,
          1.0
        ]
      ]
    },
    {
      "file_path": "./train/DSC08039.JPG",
      "transform_matrix": [
        [
          -0.946914114493552,
          0.14749951646202106,
          -0.28565285298130993,
          -0.6449358202919436
        ],
        [
          0.15186866979294655,
          -0.5779138900616296,
          -0.8018425299328763,
          -1.5084890393630237
        ],
        [
          -0.2833541369174145,
          -0.802657727999491,
          0.5248342641010417,
          3.2081562548240132
        ],
        [
          0.0,
          0.0,
          0.0,
          1.0
        ]
      ]
    },
    {
      "file_path": "./train/DSC08040.JPG",
      "transform_matrix": [
        [
          -0.9917161597041401,
          0.055787712801272905,
          -0.11570129507518452,
          0.1859085755886912
        ],
        [
          0.06253911038124953,
          -0.5770752115265021,
          -0.814292981619248,
          -1.6011432112373873
        ],
        [
          -0.11219589232406912,
          -0.814783364669435,
          0.5688058987067204,
          3.3823772831965497
        ],
        [
          0.0,
          0.0,
          0.0,
          1.0
        ]
      ]
    },
    {
      "file_path": "./train/DSC08041.JPG",
      "transform_matrix": [
        [
          -0.9868933211688398,
          -0.07610650511544774,
          0.14230028992046595,
          1.0844569941721756
        ],
        [
          -0.07325606990246628,
          -0.5744257192120696,
          -0.8152721271637716,
          -1.5363299343249432
        ],
        [
          0.14378845869812126,
          -0.8150109772185947,
          0.561321642339229,
          3.2883122771799433
        ],
        [
          0.0,
          0.0,
          0.0,
          1.0
        ]
      ]
    },
    {
      "file_path": "./train/DSC08042.JPG",
      "transform_matrix": [
        [
          -0.9332056491385362,
          -0.16361183776883859,
          0.3199349667632886,
          1.8230535447576783
        ],
        [
          -0.16788337226262787,
          -0.5886822578396111,
          -0.7907391305750495,
          -1.4772674186483865
        ],
        [
          0.31771432094517116,
          -0.7916339847724837,
          0.5218939014968349,
          3.109977522326881
        ],
        [
          0.0,
          0.0,
          0.0,
          1.0
        ]
      ]
    },
    {
      "file_path": "./train/DSC08043.JPG",
      "transform_matrix": [
        [
          -0.8168277203800347,
          -0.25944439666006813,
          0.5152485616287036,
          2.46634113086586
        ],
        [
          -0.2846964255845285,
          -0.5955249334520879,
          -0.7511977095920079,
          -1.2336075020536053
        ],
        [
          0.5017374019127414,
          -0.7602885364640052,
          0.4125783814540849,
          2.680134165989688
        ],
        [
          0.0,
          0.0,
          0.0,
          1.0
        ]
      ]
    },
    {
      "file_path": "./train/DSC08046.JPG",
      "transform_matrix": [
        [
          -0.2540181924254252,
          -0.4489417565857562,
          0.8566948448021708,
          3.7140720047746987
        ],
        [
