{
  "camera_angle_x": 0.9776572722270749,
  "camera_angle_y": 0.6823627613872614,
  "w": 4946,
  "h": 3286,
  "frames": [
    {
      "file_path": "./train/_DSC8681.JPG",
      "transform_matrix": [
        [
          0.439289825255064,
          -0.014815156739587365,
          -0.8982232242366909,
          -3.519855447051303
        ],
        [
          0.24268435853732423,
          -0.9607313504325657,
          0.1345346587959623,
          1.3154964459287442
        ],
        [
          -0.8649443632677783,
          -0.27708443375043645,
          -0.41844410023860684,
          -1.3672248967717449
        ],
        [
          0.0,
          0.0,
          0.0,
          1.0
        ]
      ]
    },
    {
      "file_path": "./train/_DSC8682.JPG",
      "transform_matrix": [
        [
          0.47017285890298,
          -0.3454457682158321,
          -0.8121605161375257,
          -3.5911562647485815
        ],
        [
          0.2015839674573261,
          -0.8538598926582932,
          0.4798824728761529,
          1.4989298737254977
        ],
        [
          -0.8592446606265077,
          -0.3893462532648046,
          -0.33182541833545,
          -1.3566398311746797
        ],
        [
          0.0,
          0.0,
          0.0,
          1.0
        ]
      ]
    },
    {
      "file_path": "./train/_DSC8683.JPG",
      "transform_matrix": [
        [
          0.17296399745884258,
          0.005131178026611461,
          -0.9849147813872614,
          -3.7067829987449086
        ],
        [
          0.2392786906212826,
          -0.9702470012351665,
          0.03696572478298074,
          1.0691173262497324
        ],
        [
          -0.9554209353984356,
          -0.2420628587913184,
          -0.16904558141564124,
          -0.21155858201912806
        ],
        [
          0.0,
          0.0,
          0.0,
          1.0
        ]
      ]
    },
    {
      "file_path": "./train/_DSC8684.JPG",
      "transform_matrix": [
        [
          0.18817391792332172,
          -0.4090482668315133,
          -0.8928998219372215,
          -3.7646760655569613
        ],
        [
          0.22874197390347745,
          -0.865886541670423,
          0.4448793165890898,
          1.1940236363392691
        ],
        [
          -0.9551270522753127,
          -0.2879583517736024,
          -0.0693707550463624,
          -0.19473417523469638
        ],
        [
          0.0,
          0.0,
          0.0,
          1.0
        ]
      ]
    },
    {
      "file_path": "./train/_DSC8685.JPG",
      "transform_matrix": [
        [
          -0.09374821340215202,
          -0.057835148591897,
          -0.9939146684053202,
          -3.560423209612234
        ],
        [
          0.22021428999069304,
          -0.9747887886808241,
          0.0359511327508129,
          0.7703980387357714
        ],
        [
          -0.9709361147716152,
          -0.21550385854904047,
          0.104120833566946,
          0.9903767514336348
        ],
        [
          0.0,
          0.0,
          0.0,
          1.0
        ]
      ]
    },
    {
      "file_path": "./train/_DSC8686.JPG",
      "transform_matrix": [
        [
          -0.1183828214960286,
          -0.4309885354520238,
          -0.894558209332159,
          -3.6445992186793497
        ],
        [
          0.19808503909517755,
          -0.893035858859577,
          0.40404117621549335,
          0.9493431792032049
        ],
        [
          -0.9730096735702586,
          -0.1293670634275085,
          0.19109248556351335,
          1.0465376352703726
        ],
        [
          0.0,
          0.0,
          0.0,
          1.0
        ]
      ]
    },
    {
      "file_path": "./train/_DSC8689.JPG",
      "transform_matrix": [
        [
          -0.5592310438974878,
          -0.011338617423202997,
          -0.8289343009528898,
          -2.644135950669447
        ],
        [
          0.1908830179033078,
          -0.974800771632747,
          -0.11544318559502033,
          0.27541779200456656
        ],
        [
          -0.8067368300861509,
          -0.2227888942006111,
          0.5473032026248498,
          2.8557679697739418
        ],
        [
          0.0,
          0.0,
          0.0,
          1.0
        ]
      ]
    },
    {
      "file_path": "./train/_DSC8690.JPG",
      "transform_matrix": [
        [
          -0.573491457974357,
          -0.4152920129103454,
          -0.7061445260308399,
          -2.683501222010326
        ],
        [
          0.1712498125058649,
          -0.9037107105495588,
          0.39240343188447985,
          0.5034338711996924
        ],
        [
          -0.801112382470245,
          0.10411289858074745,
          0.5893890523261884,
          2.933314793017075
        ],
        [
          0.0,
          0.0,
          0.0,
          1.0
        ]
      ]
    },
    {
      "file_path": "./train/_DSC8691.JPG",
      "transform_matrix": [
        [
          -0.7993593030512501,
          0.015537742998910049,
          -0.6006523813054594,
          -1.8863378947424019
        ],
        [
          0.1286168223794368,
          -0.9720697524901221,
          -0.19631125615921521,
          0.004265649819519786
        ],
        [
          -0.5869262454741955,
          -0.2341772295426958,
          0.7750345847362372,
          3.583077384056465
        ],
        [
          0.0,
          0.0,
          0.0,
          1.0
        ]
      ]
    },
    {
      "file_path": "./train/_DSC8692.JPG",
      "transform_matrix": [
        [
          -0.7624678754238005,
          -0.2608100749218188,
          -0.592132454579202,
          -1.9601685571339618
        ],
        [
          0.15390958871633176,
          -0.9620002813829766,
          0.22553779532540288,
          0.18426157499621162
        ],
        [
          -0.628454117217705,
          0.08083046107965097,
          0.7736354820674692,
          3.6863913599333626
        ],
        [
          0.0,
          0.0,
          0.0,
          1.0
        ]
      ]
    },
    {
      "file_path": "./train/_DSC8693.JPG",
      "transform_matrix": [
        [
          -0.9128851804544904,
          0.00874890578204241,
          -0.40812265797697206,
          -1.143778300180749
        ],
        [
          0.11073968631394972,
          -0.9569727402441576,
          -0.26821613729355653,
          -0.07416580236558243
        ],
        [
          -0.3929088560743568,
          -0.29004591201602015,
          0.8726373815859222,
          3.987204523549722
        ],
        [
          0.0,
          0.0,
          0.0,
          1.0
        ]
      ]
    },
    {
      "file_path": "./train/_DSC8694.JPG",
      "transform_matrix": [
        [
          -0.9027984433097609,
          -0.17677960548525273,
          -0.39205094291679815,
          -1.1788513112594194
        ],
        [
          0.1046634849588745,
          -0.9745159649523718,
          0.19840410522267704,
          0.1414377226402365
        ],
        [
          -0.41713370239497016,
          0.13808549937421397,
          0.8982938657192524,
          4.153511142932496
        ],
        [
          0.0,
          0.0,
          0.0,
          1.0
        ]
      ]
    },
    {
      "file_path": "./train/_DSC8697.JPG",
      "transform_matrix": [
        [
          -0.9493027910571329,
          -0.06827421233432246,
          0.30685964677889016,
          1.3313249563630594
        ],
        [
          -0.026589554267470145,
          -0.9551945268689265,
          -0.29478197272476636,
          -0.2844427434813263
        ],
        [
          0.31323666211826906,
          -0.28799661069147253,
          0.9049534494852371,
          4.219606449324448
        ],
        [
          0.0,
          0.0,
          0.0,
          1.0
        ]
      ]
    },
    {
      "file_path": "./train/_DSC8698.JPG",
      "transform_matrix": [
        [
          -0.9468677139862611,
          0.1465441399593825,
          0.28629765499213733,
          1.408443822503621
        ],
        [
          -0.0631248750892035,
          -0.957527456782548,
          0.28134750692429883,
          -0.08030060233409496
        ],
        [
          0.3153676938993663,
          0.24832636700743405,
          0.9159024146127605,
          4.370087693218229
        ],
        [
          0.0,
          0.0,
          0.0,
          1.0
        ]
      ]
    },
    {
      "file_path": "./train/_DSC8699.JPG",
      "transform_matrix": [
        [
          -0.8145111193781568,
          -0.0812975907135438,
          0.5744234832886924,
          2.444882199350332
        ],
        [
          -0.08244891676352246,
          -0.9638616020863849,
          -0.25332387994026356,
          -0.16638733709773823
        ],
        [
          0.5742593599880311,
          -0.253695710976044,
          0.7783730941511889,
          3.511486613377409
        ],
        [
          0.0,
          0.0,
          0.0,
          1.0
        ]
      ]
    },
    {
      "file_path": "./train/_DSC8700.JPG",
      "transform_matrix": [
        [
          -0.8311611307663318,
          0.23310117548627657,
          0.5048118626678152,
          2.4978703152138024
        ],
        [
          -0.10248467764864565,
          -0.9565517413163765,
          0.27295724396297133,
          0.08040303741880113
        ],
        [
          0.5465053206973253,
          0.17513597052440133,
          0.8189379257782545,
          3.6514363215421515
        ],
        [
          0.0,
          0.0,
          0.0,
          1.0
        ]
      ]
    },
    {
      "file_path": "./train/_DSC8701.JPG",
      "transform_matrix": [
        [
          -0.6613952451356382,
          -0.09012149818828381,
          0.7446035490623639,
          3.185699502002197
        ],
        [
          -0.12463149105116063,
          -0.9657479829471081,
          -0.22759135500268152,
          0.07385085055292719
        ],
        [
          0.7396102494897793,
          -0.2433288905943791,
          0.6275091472255805,
          2.6309580991019077
        ],
        [
          0.0,
          0.0,
          0.0,
          1.0
        ]
      ]
    },
    {
      "file_path": "./train/_DSC8702.JPG",
      "transform_matrix": [
        [
          -0.6304793649476182,
          0.3038625107585632,
          0.7142571980251579,
          3.2185216426732954
        ],
        [
          -0.17164045187699534,
          -0.9519883614545607,
          0.2534910549398563,
          0.3309644607762085
        ],
        [
          0.7569909680139576,
          0.03722545111294786,
          0.6523641162224735,
          2.6894090705384857
        ],
        [
          0.0,
          0.0,
          0.0,
          1.0
        ]
      ]
    },
    {
      "file_path": "./train/_DSC8705.JPG",
      "transform_matrix": [
        [
          -0.16590926683621443,
          -0.11918243775260409,
          0.9789124893008652,
          3.733813278027765
        ],
        [
          -0.22371194522960341,
          -0.9622405432194573,
          -0.1550680577885417,
          0.347370758389154
        ],
        [
          0.9604306746139759,
          -0.24472164496846258,
          0.1329820880587797,
          0.6218597987009847
        ],
        [
          0.0,
          0.0,
          0.0,
          1.0
        ]
      ]
    },
    {
      "file_path": "./train/_DSC8706.JPG",
      "transform_matrix": [
        [
          -0.1508553186940155,
          0.19817366344690493,
          0.9684884469820796,
          3.815358354933877
        ],
        [
          -0.27277085792318895,
          -0.950011017176681,
          0.15190499106604516,
          0.8196950692957214
        ],
        [
          0.950178263216737,
          -0.24125974873351896,
          0.1973702149552077,
          0.7660948408440762
        ],
        [
          0.0,
          0.0,
          0.0,
          1.0
        ]
      ]
    },
    {
      "file_path": "./train/_DSC8707.JPG",
      "transform_matrix": [
        [
          0.08542226661698935,
          -0.1393858049697338,
          0.9865468228821961,
          3.8375405200125643
        ],
        [
          -0.2402368098012987,
          -0.963833397817643,
          -0.11537528534218999,
          0.6443683475821862
        ],
        [
          0.9669484534257814,
          -0.22714924306331394,
          -0.11581843460025235,
          -0.42165450332704985
        ],
        [
          0.0,
          0.0,
          0.0,
          1.0
        ]
      ]
    },
    {
      "file_path": "./train/_DSC8708.JPG",
      "transform_matrix": [
        [
          0.10435453994932224,
          0.2816890659812412,
          0.9538141328888877,
          3.8924433753026193
        ],
        [
          -0.24647357734965245,
          -0.9218072395867352,
          0.29920258808029776,
          1.016946573350953
        ],
        [
          0.9635148704926302,
          -0.266313129890547,
          -0.02676585861634962,
          -0.35728555992974076
        ],
        [
          0.0,
          0.0,
          0.0,
          1.0
        ]
      ]
    },
    {
      "file_path": "./train/_DSC8709.JPG",
      "transform_matrix": [
        [
          0.38630998802315697,
          -0.08696870614915178,
          0.9182597874808035,
          3.552824574611161
        ],
        [
          -0.20616310944500407,
          -0.978499600985891,
          -0.005941647449961916,
          0.8828409988686645
        ],
        [
          0.899033573042473,
          -0.18701597531011852,
          -0.3959339080216413,
          -1.5148317579632906
        ],
        [
          0.0,
          0.0,
          0.0,
          1.0
        ]
      ]
    },
    {
      "file_path": "./train/_DSC8710.JPG",
      "transform_matrix": [
        [
          0.3897544897152772,
          0.20804735156511373,
          0.8971107720084103,
          3.7248032792155574
        ],
        [
          -0.24898148895309347,
          -0.9140635105962673,
          0.3201501472046018,
          1.370858644110892
        ],
        [
          0.8866226118848337,
          -0.3481439330265135,
          -0.3044604177743733,
          -1.4586478253900486
        ],
        [
          0.0,
          0.0,
          0.0,
          1.0
        ]
      ]
    },
    {
      "file_path": "./train/_DSC8713.JPG",
      "transform_matrix": [
        [
          0.7869279745427683,
          -0.11620350464362049,
          0.6060042148290361,
          2.548471641608698
        ],
        [
          -0.14846127575693288,
          -0.9889131827270777,
          0.0031569968681072836,
          1.2119729384217404
        ],
        [
          0.5989187027323829,
          -0.09245248799865464,
          -0.7954551684288803,
          -2.9192600564203044
        ],
        [
          0.0,
          0.0,
          0.0,
          1.0
        ]
      ]
    },
    {
      "file_path": "./train/_DSC8714.JPG",
      "transform_matrix": [
        [
          0.8287144969363195,
          0.14331432749872544,
          0.5410113548726782,
          2.6442453944563367
        ],
        [
          -0.16621060954463537,
          -0.860025685842965,
          0.4824208255922813,
          1.7868238650655766
        ],
        [
          0.5344214777143446,
          -0.48971095885626814,
          -0.6888953918656233,
          -2.9537045437733416
        ],
        [
          0.0,
          0.0,
          0.0,
          1.0
        ]
      ]
    },
    {
      "file_path": "./train/_DSC8715.JPG",
      "transform_matrix": [
        [
          0.9332253784423998,
          -0.06951593351356002,
          0.3525023801604439,
          1.887818157552948
        ],
        [
          -0.09792402300948856,
          -0.9931732293722567,
          0.06338629328112,
          1.342544941186961
        ],
        [
          0.3456895699159535,
          -0.09367214872106493,
          -0.9336617427126923,
          -3.500992142319407
        ],
        [
          0.0,
          0.0,
          0.0,
          1.0
        ]
      ]
    },
    {
      "file_path": "./train/_DSC8716.JPG",
      "transform_matrix": [
        [
          0.9426279270956568,
          0.058760198937112526,
          0.3286332759782795,
          1.894831929343811
        ],
        [
          -0.13516637779956703,
          -0.8329219574708981,
          0.5366293535350001,
          1.9230888824946901
        ],
        [
          0.30525831908711315,
          -0.5502619846797691,
          -0.7771930949541382,
          -3.4830765590051747
        ],
        [
          0.0,
          0.0,
          0.0,
          1.0
        ]
      ]
    },
    {
      "file_path": "./train/_DSC8717.JPG",
      "transform_matrix": [
        [
          0.9988133743996495,
          -0.01642737474482136,
          0.04584740428179814,
          0.8191621615009702
        ],
        [
          -0.022607717907251086,
          -0.9902125679893213,
          0.137724221860281,
          1.368532301462036
        ],
        [
          0.043136228525586184,
          -0.13859729995561584,
          -0.989408941860544,
          -3.8336586756483753
        ],
        [
          0.0,
          0.0,
          0.0,
          1.0
        ]
      ]
    },
    {
      "file_path": "./train/_DSC8718.JPG",
      "transform_matrix": [
        [
          0.9946646210725802,
          -0.035729020925501294,
          0.09677669476813953,
          0.8438213337867752
        ],
        [
          -0.07966437417923468,
          -0.8620487804665083,
          0.5005252117354693,
          2.00892994812942
        ],
        [
          0.06554295593861666,
          -0.5055643748919723,
          -0.8602957536608662,
          -3.8730366234455538
        ],
        [
          0.0,
          0.0,
          0.0,
          1.0
        ]
      ]
    },
    {
      "file_path": "./train/_DSC8721.JPG",
      "transform_matrix": [
        [
          0.8962011955455543,
          0.056127520925908364,
          -0.44008308135786267,
          -1.000067346593514
        ],
        [
          0.10143408885828518,
          -0.9916127615186086,
          0.0800952983072589,
          1.3030275123119874
        ],
        [
          -0.431896449071081,
          -0.11642092848002457,
          -0.8943777863361994,
          -3.4104379878670392
        ],
        [
          0.0,
          0.0,
          0.0,
          1.0
        ]
      ]
    },
    {
      "file_path": "./train/_DSC8722.JPG",
      "transform_matrix": [
        [
          0.8899216488775051,
          -0.18475451797494083,
          -0.4170194563170761,
          -1.1284845495374394
        ],
        [
          0.06814344615069784,
          -0.8501727869342871,
          0.5220753806713112,
          1.928559127906109
        ],
        [
          -0.4509943786854216,
          -0.4930233264707004,
          -0.743997358832621,
          -3.4179263543513243
        ],
        [
          0.0,
          0.0,
          0.0,
          1.0
        ]
      ]
    },
    {
      "file_path": "./train/_DSC8723.JPG",
      "transform_matrix": [
        [
          0.788055222324444,
          -0.022815936826534995,
          -0.6151815988745912,
          -1.8215510225820692
        ],
        [
          0.1316025961074189,
          -0.9699672387482756,
          0.20455882394273103,
          1.6528517402970162
        ],
        [
          -0.6013731979935243,
          -0.2421631449700247,
          -0.7613851114602045,
          -2.8956686708910437
        ],
        [
          0.0,
          0.0,
          0.0,
          1.0
        ]
      ]
    },
    {
      "file_path": "./train/_DSC8724.JPG",
      "transform_matrix": [
        [
          0.7758670460244371,
          -0.2173837214218708,
          -0.5922623105973335,
          -1.8502822053511754
        ],
        [
          0.13327770531330105,
          -0.8611019699735717,
          0.490653085768402,
          1.9591152213463163
        ],
        [
          -0.6166582361079228,
          -0.459616921977871,
          -0.639128238205646,
          -2.8682896755588225
        ],
        [
          0.0,
          0.0,
          0.0,
          1.0
        ]
      ]
    },
    {
      "file_path": "./train/_DSC8725.JPG",
      "transform_matrix": [
        [
          0.6799932782045148,
          0.013426493935922441,
          -0.7330954036530759,
          -2.3510692973111067
        ],
        [
          0.1585635842971564,
          -0.978865572097905,
          0.12915022840196508,
          1.0796644513717537
        ],
        [
          -0.7158678169407506,
          -0.20406352202691638,
          -0.6677509622954162,
          -2.137478672580609
        ],
        [
          0.0,
          0.0,
          0.0,
          1.0
        ]
      ]
    },
    {
      "file_path": "./train/_DSC8726.JPG",
      "transform_matrix": [
        [
          0.6447601340611959,
          -0.3007101344075036,
          -0.7027501580149305,
          -2.5155815189231534
        ],
        [
          0.1586195282535949,
          -0.8467188538935744,
          0.5078454762206304,
          1.7517381242432013
        ],
        [
          -0.7477460897804789,
          -0.4389084158748531,
          -0.4982320620877698,
          -2.104413793212771
        ],
        [
          0.0,
          0.0,
          0.0,
          1.0
        ]
      ]
    },
    {
      "file_path": "./train/_DSC8729.JPG",
      "transform_matrix": [
        [
          0.2830354441809914,
          0.2094035330884226,
          -0.9359706713713604,
          -3.189785782684506
        ],
        [
          0.22652451052675843,
          -0.9628610500467235,
          -0.1469191765343571,
          0.635455309116846
        ],
        [
          -0.9319750980943009,
          -0.17043696381069157,
          -0.319958837819979,
          -0.7395355943379057
        ],
        [
          0.0,
          0.0,
          0.0,
          1.0
        ]
      ]
    },
    {
      "file_path": "./train/_DSC8730.JPG",
      "transform_matrix": [
        [
          0.3270816442860891,
          -0.26396858751669966,
          -0.9073798448144784,
          -3.3322207454410857
        ],
        [
          0.21157225592515544,
          -0.9153645237227478,
          0.3425565197636266,
          0.9108239535182282
        ],
        [
          -0.9210074801508666,
          -0.3040203504936238,
          -0.24355050398610417,
          -0.7009760877979787
        ],
        [
          0.0,
          0.0,
          0.0,
          1.0
        ]
      ]
    },
    {
      "file_path": "./train/_DSC8731.JPG",
      "transform_matrix": [
        [
          0.15188634980046245,
          0.20674270546020881,
          -0.9665340089636191,
          -3.3063184395576473
        ],
        [
          0.22615637554116974,
          -0.9592064199690118,
          -0.16963589741653415,
          0.42041216844505297
        ],
        [
          -0.9621766108913545,
          -0.19282245105076548,
          -0.19244654277071907,
          -0.11148275601726836
        ],
        [
          0.0,
          0.0,
          0.0,
          1.0
        ]
      ]
    },
    {
      "file_path": "./train/_DSC8732.JPG",
      "transform_matrix": [
        [
          0.16051779450134374,
          -0.2547287754553444,
          -0.9535970263184783,
          -3.510954514494845
        ],
        [
          0.2654504092079959,
          -0.9193895002464064,
          0.29027405514094873,
          0.8018070864968749
        ],
        [
          -0.9506682480759161,
          -0.29972687198795467,
          -0.07996051718557298,
          -0.0322862821200483
        ],
        [
          0.0,
          0.0,
          0.0,
          1.0
        ]
      ]
    },
    {
      "file_path": "./train/_DSC8733.JPG",
      "transform_matrix": [
        [
          -0.1314137898033776,
          0.18331759539740278,
          -0.9742305040734598,
          -3.1547016168580804
        ],
        [
          0.229164003332909,
          -0.9505164594328142,
          -0.20976729946238518,
          0.1084624132227081
        ],
        [
          -0.964476166333802,
          -0.25082487828168404,
          0.08290117616192319,
          0.8062256269962963
        ],
        [
          0.0,
          0.0,
          0.0,
          1.0
        ]
      ]
    },
    {
      "file_path": "./train/_DSC8734.JPG",
      "transform_matrix": [
        [
          -0.10119682379368683,
          -0.20994755421163036,
          -0.9724614271705709,
          -3.426368001463492
        ],
        [
          0.20360751829100723,
          -0.9611601940382356,
          0.18631977858444967,
          0.5029114198137016
        ],
        [
          -0.9738085958490231,
          -0.17914548801724173,
          0.14001325927789,
          0.9425065327432007
        ],
        [
          0.0,
          0.0,
          0.0,
          1.0
        ]
      ]
    },
    {
      "file_path": "./train/_DSC8737.JPG",
      "transform_matrix": [
        [
          -0.44918733935195776,
          0.2422857009238355,
          -0.8599583555578457,
          -2.6747631944549135
        ],
        [
          0.1814702908087416,
          -0.9177218210773607,
          -0.3533485427623036,
          -0.4309249175711902
        ],
        [
          -0.8748138474668191,
          -0.31477658465378033,
          0.3682613664695247,
          2.0780759474664663
        ],
        [
          0.0,
          0.0,
          0.0,
          1.0
        ]
      ]
    },
    {
      "file_path": "./train/_DSC8738.JPG",
      "transform_matrix": [
        [
          -0.41309617949371,
          -0.13823733827872733,
          -0.9001344259572082,
          -2.8836398926338194
        ],
        [
          0.18204828682213775,
          -0.9809968552697056,
          0.06710880133092191,
          0.0829791441094825
        ],
        [
          -0.8923059832550854,
          -0.13614554071493196,
          0.430411923615754,
          2.348480906891489
        ],
        [
          0.0,
          0.0,
          0.0,
          1.0
        ]
      ]
    },
    {
      "file_path": "./train/_DSC8739.JPG",
      "transform_matrix": [
        [
          -0.6183710259350071,
          0.20681240197834344,
          -0.7581859301464482,
          -2.331112871226316
        ],
        [
          0.15657630480348078,
          -0.9129895870537725,
          -0.3767411242557275,
          -0.3564368311514767
        ],
        [
          -0.7701305961057345,
          -0.351679746814243,
          0.5321843859251187,
          2.7301112552474573
        ],
        [
          0.0,
          0.0,
          0.0,
          1.0
        ]
      ]
    },
    {
      "file_path": "./train/_DSC8741.JPG",
      "transform_matrix": [
        [
          -0.6515564009502164,
          -0.17948430346992464,
          -0.7370614907785623,
          -2.3806795446432965
        ],
        [
          0.1741793895869226,
          -0.9810450497659055,
          0.08492438149871491,
          0.03095861209935249
        ],
        [
          -0.7383331203622978,
          -0.07304789618961131,
          0.6704686482143247,
          3.032595687853335
        ],
        [
          0.0,
          0.0,
          0.0,
          1.0
        ]
      ]
    },
    {
      "file_path": "./train/_DSC8742.JPG",
      "transform_matrix": [
        [
          -0.8387388574712068,
          0.1081841637128381,
          -0.533679038083423,
          -1.743192528123527
        ],
        [
          0.12078504168146381,
          -0.9186896328563493,
          -0.37605894775722765,
          -0.5501704779185064
        ],
        [
          -0.530969022329835,
          -0.3798756970431514,
          0.7574736643092472,
          3.4431656294408652
        ],
        [
          0.0,
          0.0,
          0.0,
          1.0
        ]
      ]
    },
    {
      "file_path": "./train/_DSC8743.JPG",
      "transform_matrix": [
        [
          -0.7872085146231419,
          -0.1245158332581899,
          -0.6039855642089841,
          -1.8602754353924806
        ],
        [
          0.15636443885447804,
          -0.9876994131609804,
          -0.00017749134830809138,
          -0.21698937644392252
        ],
        [
          -0.5965340868437867,
          -0.09458158652440318,
          0.796995236324519,
          3.766296133232661
        ],
        [
          0.0,
          0.0,
          0.0,
          1.0
        ]
      ]
    },
    {
      "file_path": "./train/_DSC8746.JPG",
      "transform_matrix": [
        [
          -0.9996269357798062,
          -0.004868355707185785,
          -0.026875423274494326,
          0.030194174830441525
        ],
        [
          0.016119147869633903,
          -0.8995076849477227,
          -0.436607487100193,
          -0.8237408407433323
        ],
        [
          -0.02204908922000627,
          -0.43687781339030796,
          0.8992505845602055,
          3.999999833187968
        ],
        [
          0.0,
          0.0,
          0.0,
          1.0
        ]
      ]
    },
    {
      "file_path": "./train/_DSC8747.JPG",
      "transform_matrix": [
        [
          -0.9982148214897864,
          -0.02875620048571377,
          -0.05234740768881921,
          0.06705729899331442
        ],
        [
          0.03129006153740921,
          -0.9983452266768137,
          -0.04824666227426158,
          -0.3690290719883314
        ],
        [
          -0.05087339390191259,
          -0.04979848697748704,
          0.997462785515156,
          4.392179290868415
        ],
        [
          0.0,
          0.0,
          0.0,
          1.0
        ]
      ]
    },
    {
      "file_path": "./train/_DSC8748.JPG",
      "transform_matrix": [
        [
          -0.9827993319763296,
          -0.07415524763228903,
          0.16913447997222195,
          1.0440382033563818
        ],
        [
          -0.019832818260991453,
          -0.8681639235252453,
          -0.49588109583757933,
          -0.9780265703529968
        ],
        [
          0.18360863919409276,
          -0.49070602313181966,
          0.8517602165371703,
          3.959932136245865
        ],
        [
          0.0,
          0.0,
          0.0,
          1.0
        ]
      ]
    },
    {
      "file_path": "./train/_DSC8749.JPG",
      "transform_matrix": [
        [
          -0.9741360773099068,
          -0.04845319178044699,
          0.22070611928434306,
          1.1121031218410116
        ],
        [
          0.01802892991234107,
          -0.990291651113604,
          -0.13783106841676868,
          -0.4809540353541508
        ],
        [
          0.2252417824682697,
          -0.13028712116314217,
          0.9655523836071955,
          4.347120920797
        ],
        [
          0.0,
          0.0,
          0.0,
          1.0
        ]
      ]
    },
    {
      "file_path": "./train/_DSC8750.JPG",
      "transform_matrix": [
        [
          -0.8619096231832295,
          -0.1783945326507511,
          0.47464427962892686,
          1.9180715237867672
        ],
        [
          -0.07895141062234119,
          -0.87743608230482,
          -0.47315176870673514,
          -0.7255065008939672
        ],
        [
          0.5008777058573133,
          -0.4452878980950295,
          0.7421861030666264,
          3.5043460122384067
        ],
        [
          0.0,
          0.0,
          0.0,
          1.0
        ]
      ]
    },
    {
      "file_path": "./train/_DSC8751.JPG",
      "transform_matrix": [
        [
          -0.8937171983155417,
          0.014109228523555773,
          0.4484088526172171,
          2.060198334601167
        ],
        [
          -0.074781460660785,
          -0.9902070205576458,
          -0.11788888658304301,
          -0.3646675012760774
        ],
        [
          0.4423542727005792,
          -0.13889199440147804,
          0.8860201528829476,
          3.819335130619121
        ],
        [
          0.0,
          0.0,
          0.0,
          1.0
        ]
      ]
    },
    {
      "file_path": "./train/_DSC8754.JPG",
      "transform_matrix": [
        [
          -0.5967044228865898,
          -0.28564489124077846,
          0.7499005452829228,
          3.1131737417917362
        ],
        [
          -0.15325526274332396,
          -0.8767348723000205,
          -0.4559043629255387,
          -0.46813881390999845
        ],
        [
          0.7876907109704011,
          -0.38696635486965836,
          0.47937499314193815,
          2.1291637191438264
        ],
        [
          0.0,
          0.0,
          0.0,
          1.0
        ]
      ]
    },
    {
      "file_path": "./train/_DSC8755.JPG",
      "transform_matrix": [
        [
          -0.6000373877506847,
          0.11993169554995087,
          0.7909307945097653,
          3.3323108315695436
        ],
        [
          -0.17360126655356478,
          -0.9846586492689042,
          0.01760524555168377,
          -0.017467572023081863
        ],
        [
          0.7809082747367535,
          -0.1267427821315708,
          0.6116522979808189,
          2.401565782783173
        ],
        [
          0.0,
          0.0,
          0.0,
          1.0
        ]
      ]
    },
    {
      "file_path": "./train/_DSC8756.JPG",
      "transform_matrix": [
        [
          -0.3614556866860033,
          -0.3378153762109025,
          0.8690400210334595,
          3.3441126004880544
        ],
        [
          -0.1697962416909955,
          -0.8926226927101274,
          -0.41760503441234376,
          -0.17999969630271828
        ],
        [
          0.916798245455325,
          -0.298505443927591,
          0.2652837670790073,
          1.2251000436037915
        ],
        [
          0.0,
          0.0,
          0.0,
          1.0
        ]
      ]
    },
    {
      "file_path": "./train/_DSC8757.JPG",
      "transform_matrix": [
        [
          -0.42105111546490653,
          0.0849561977807657,
          0.9030495017574577,
          3.598691383919432
        ],
        [
          -0.2004758770974662,
          -0.9796977685035189,
          -0.0013057914179001972,
          0.2404142067574722
        ],
        [
          0.8846046466460366,
          -0.1815894458603276,
          0.4295345065118512,
          1.4359023361999712
        ],
        [
          0.0,
          0.0,
          0.0,
          1.0
        ]
      ]
    },
    {
      "file_path": "./train/_DSC8758.JPG",
      "transform_matrix": [
        [
          -0.1432349959146313,
          -0.31185052208530456,
          0.9392725844079864,
          3.5684832740244703
        ],
        [
          -0.23568014228840808,
          -0.9110081578689223,
          -0.33840657030735766,
          0.0033130092827666257
        ],
        [
          0.9612172524857485,
          -0.26983956005633397,
          0.05699127435277192,
          0.39250371512028526
        ],
        [
          0.0,
          0.0,
          0.0,
          1.0
        ]
      ]
    },
    {
      "file_path": "./train/_DSC8759.JPG",
      "transform_matrix": [
        [
          -0.12570701838593448,
          0.09704947970034473,
          0.9873090417991779,
          3.860197335705154
        ],
        [
          -0.21262163620924845,
          -0.9747137421929134,
          0.06873980357834018,
          0.48058317328950334
        ],
        [
          0.969014853004958,
          -0.20128218815925855,
          0.14316317747801113,
          0.5487797791777176
        ],
        [
          0.0,
          0.0,
          0.0,
          1.0
        ]
      ]
    },
    {
      "file_path": "./train/_DSC8762.JPG",
      "transform_matrix": [
        [
          0.319345252911796,
          -0.3455719926318608,
          0.8823823475972,
          3.542737254434706
        ],
        [
          -0.27030070546349877,
          -0.9256732188667041,
          -0.2647010020738302,
          0.19038736772916107
        ],
        [
          0.908270960709763,
          -0.15397756259078835,
          -0.3890177015894829,
          -1.4289010126770938
        ],
        [
          0.0,
          0.0,
          0.0,
          1.0
        ]
      ]
    },
    {
      "file_path": "./train/_DSC8763.JPG",
      "transform_matrix": [
        [
          0.2795297194905264,
          0.10185572346977742,
          0.9547190935128488,
          3.9154652497451603
        ],
        [
          -0.23316052633673742,
          -0.9573910068097863,
          0.17040724467615517,
          0.8447293195402745
        ],
        [
          0.9313964273497743,
          -0.2702366956506678,
          -0.24387050548166977,
          -1.3770798678842509
        ],
        [
          0.0,
          0.0,
          0.0,
          1.0
        ]
      ]
    },
    {
      "file_path": "./train/_DSC8764.JPG",
      "transform_matrix": [
        [
          0.6009575616771243,
          -0.25941597260377053,
          0.7560114828632728,
          3.3738497487984036
        ],
        [
          -0.23150561668570274,
          -0.9618141002665029,
          -0.1460095406865928,
          0.7272414375816406
        ],
        [
          0.7650197111879261,
          -0.08727536700912293,
          -0.6380657111985921,
          -2.3693032946268504
        ],
        [
          0.0,
          0.0,
          0.0,
          1.0
        ]
      ]
    },
    {
      "file_path": "./train/_DSC8765.JPG",
      "transform_matrix": [
        [
          0.5723638493061711,
          0.10460000374634448,
          0.8133009671847732,
          3.532210511044078
        ],
        [
          -0.21686015652641025,
          -0.9372083922063122,
          0.2731521592252202,
          1.2355402179368313
        ],
        [
          0.7908042087133601,
          -0.33271499634720997,
          -0.5137406297801571,
          -2.3685816080613216
        ],
        [
          0.0,
          0.0,
          0.0,
          1.0
        ]
      ]
    },
    {
      "file_path": "./train/_DSC8766.JPG",
      "transform_matrix": [
        [
          0.7608142146675092,
          -0.23307402648567208,
          0.6056717171352957,
          2.8908477284854213
        ],
        [
          -0.193250918586798,
          -0.9723092147413093,
          -0.131411085508406,
          0.9122572671145261
        ],
        [
          0.6195287025031365,
          -0.01706719387875635,
          -0.7847884413444715,
          -2.9935485745268027
        ],
        [
          0.0,
          0.0,
          0.0,
          1.0
        ]
      ]
    },
    {
      "file_path": "./train/_DSC8767.JPG",
      "transform_matrix": [
        [
          0.7266918880494212,
          0.09016268994425014,
          0.6810209902676895,
          2.992104496021371
        ],
        [
          -0.17671919328112448,
          -0.9334509790303624,
          0.3121531618826347,
          1.40811580307155
        ],
        [
          0.663844278855543,
          -0.3471886505767071,
          -0.6623977765221507,
          -3.0208138875968533
        ],
        [
          0.0,
          0.0,
          0.0,
          1.0
        ]
      ]
    },
    {
      "file_path": "./train/_DSC8770.JPG",
      "transform_matrix": [
        [
          0.9996224192380182,
          -0.006560163662149805,
          0.026683013500304952,
          0.8505210387104147
        ],
        [
          -0.006730664941499697,
