{
  "camera_angle_x": 1.005100165719761,
  "camera_angle_y": 0.698878740707256,
  "w": 4978,
  "h": 3300,
  "frames": [
    {
      "file_path": "./train/_DSC9215.JPG",
      "transform_matrix": [
        [
          0.8877688750729752,
          0.054228953054801673,
          -0.45708384909362526,
          -1.3787763433703282
        ],
        [
          0.3539927842783659,
          -0.7151568964633884,
          0.6026937216528016,
          3.445359558553598
        ],
        [
          -0.29420321740340327,
          -0.6968571116745775,
          -0.6540906915543526,
          -0.8504495742255577
        ],
        [
          0.0,
          0.0,
          0.0,
          1.0
        ]
      ]
    },
    {
      "file_path": "./train/_DSC9216.JPG",
      "transform_matrix": [
        [
          0.8050915018733249,
          0.0674928924210819,
          -0.5892982123543146,
          -2.0059098370912345
        ],
        [
          0.44154398168294284,
          -0.731586353388459,
          0.5194423161192684,
          3.0857311204573628
        ],
        [
          -0.3960638658738353,
          -0.6783996735025846,
          -0.6187950364544463,
          -0.6225658962189587
        ],
        [
          0.0,
          0.0,
          0.0,
          1.0
        ]
      ]
    },
    {
      "file_path": "./train/_DSC9217.JPG",
      "transform_matrix": [
        [
          0.6186393946851907,
          0.06632868611129866,
          -0.7828702349318754,
          -2.6406232266916865
        ],
        [
          0.5532349893786709,
          -0.7442898599871481,
          0.37411716192590416,
          2.526098874148505
        ],
        [
          -0.557867677743318,
          -0.6645548207025965,
          -0.4971423784090603,
          -0.1764363335544753
        ],
        [
          0.0,
          0.0,
          0.0,
          1.0
        ]
      ]
    },
    {
      "file_path": "./train/_DSC9218.JPG",
      "transform_matrix": [
        [
          0.3339624583828896,
          0.0958856743564265,
          -0.9376966534248001,
          -3.3865851081185276
        ],
        [
          0.6625782274428308,
          -0.7314437471666788,
          0.16118355142347485,
          1.839024197504174
        ],
        [
          -0.6704171603632868,
          -0.675126641589547,
          -0.3078065121248185,
          0.39381280059727974
        ],
        [
          0.0,
          0.0,
          0.0,
          1.0
        ]
      ]
    },
    {
      "file_path": "./train/_DSC9219.JPG",
      "transform_matrix": [
        [
          0.11927137258635716,
          0.12839040428186685,
          -0.9845253901092167,
          -3.7819054376464334
        ],
        [
          0.7010377831948567,
          -0.7130785418010089,
          -0.008063482881967362,
          1.232885584169942
        ],
        [
          -0.7030792033722855,
          -0.6892277543100579,
          -0.1750563808437357,
          0.983935472740866
        ],
        [
          0.0,
          0.0,
          0.0,
          1.0
        ]
      ]
    },
    {
      "file_path": "./train/_DSC9220.JPG",
      "transform_matrix": [
        [
          -0.11257888691894463,
          0.15698489693663153,
          -0.9811634605680577,
          -3.7961437957624864
        ],
        [
          0.6863700754234722,
          -0.7017153972641652,
          -0.19102780113264126,
          0.44954044802859716
        ],
        [
          -0.718485987186437,
          -0.694946935654939,
          -0.028751397192857023,
          1.708477175266811
        ],
        [
          0.0,
          0.0,
          0.0,
          1.0
        ]
      ]
    },
    {
      "file_path": "./train/_DSC9223.JPG",
      "transform_matrix": [
        [
          -0.8953405617082474,
          0.13579982009611805,
          -0.424174123941834,
          -0.9007697952564272
        ],
        [
          0.26317521314997416,
          -0.6070192301448267,
          -0.749844291448463,
          -1.2719686972652273
        ],
        [
          -0.3593105700413309,
          -0.7829981245802853,
          0.5077497918860533,
          3.3613121993652184
        ],
        [
          0.0,
          0.0,
          0.0,
          1.0
        ]
      ]
    },
    {
      "file_path": "./train/_DSC9224.JPG",
      "transform_matrix": [
        [
          -0.9975304041057566,
          0.04288402599066948,
          0.05562421414670137,
          0.5262552084509499
        ],
        [
          -0.07020665590874728,
          -0.6316911177615302,
          -0.7720345570033115,
          -1.5466754784068648
        ],
        [
          0.002029372000711496,
          -0.7740331336939138,
          0.6331418400273847,
          3.6262499231750303
        ],
        [
          0.0,
          0.0,
          0.0,
          1.0
        ]
      ]
    },
    {
      "file_path": "./train/_DSC9225.JPG",
      "transform_matrix": [
        [
          -0.8310671550634502,
          5.028866068852323e-05,
          0.556172078808163,
          2.1387231595367964
        ],
        [
          -0.436138575788343,
          -0.6205933611157769,
          -0.6516494631689177,
          -1.2786906678769023
        ],
        [
          0.3451239291675654,
          -0.7841325637990514,
          0.515776691898604,
          3.505490862687738
        ],
        [
          0.0,
          0.0,
          0.0,
          1.0
        ]
      ]
    },
    {
      "file_path": "./train/_DSC9226.JPG",
      "transform_matrix": [
        [
          -0.5346270925204113,
          -0.06738396049655349,
          0.8423973372530152,
          3.3480916658122486
        ],
        [
          -0.626750788929838,
          -0.6370473632002467,
          -0.44872497770398123,
          -0.6425268539487434
        ],
        [
          0.5668838686353642,
          -0.7678737258868882,
          0.2983498291831104,
          2.8489480112256733
        ],
        [
          0.0,
          0.0,
          0.0,
          1.0
        ]
      ]
    },
    {
      "file_path": "./train/_DSC9227.JPG",
      "transform_matrix": [
        [
          -0.15613401637256408,
          -0.08325552391959085,
          0.9842208525875918,
          4.045351503981825
        ],
        [
          -0.733453114295385,
          -0.6576236697263023,
          -0.1719815052443495,
          0.49894290361092947
        ],
        [
          0.6615653392234003,
          -0.7487320126404278,
          0.041613401514914355,
          1.910464317998629
        ],
        [
          0.0,
          0.0,
          0.0,
          1.0
        ]
      ]
    },
    {
      "file_path": "./train/_DSC9228.JPG",
      "transform_matrix": [
        [
          0.370357811317752,
          -0.11176503246305385,
          0.9221408076397318,
          3.624416706526085
        ],
        [
          -0.6944991331721877,
          -0.6925675476676699,
          0.19499011754617135,
          1.972949334036128
        ],
        [
          0.616851720933811,
          -0.7126421047314861,
          -0.3341185193084535,
          0.570234999182353
        ],
        [
          0.0,
          0.0,
          0.0,
          1.0
        ]
      ]
    },
    {
      "file_path": "./train/_DSC9231.JPG",
      "transform_matrix": [
        [
          0.968588896968076,
          -0.05478870560242089,
          0.24255668700033217,
          1.1907156213279135
        ],
        [
          -0.1747408430663138,
          -0.8439574512433101,
          0.5071503310216504,
          3.184804471117376
        ],
        [
          0.1769214131603061,
          -0.5336047396990651,
          -0.8270216413952256,
          -1.4199945016849562
        ],
        [
          0.0,
          0.0,
          0.0,
          1.0
        ]
      ]
    },
    {
      "file_path": "./train/_DSC9232.JPG",
      "transform_matrix": [
        [
          0.9719527833778114,
          0.026858710328391492,
          0.23363731843098337,
          1.2696457218353971
        ],
        [
          -0.1722130777664782,
          -0.5952704451621837,
          0.7848539691959344,
          3.6401730464078628
        ],
        [
          0.16015755595763223,
          -0.803076401593218,
          -0.5739493448674426,
          -1.123102297260941
        ],
        [
          0.0,
          0.0,
          0.0,
          1.0
        ]
      ]
    },
    {
      "file_path": "./train/_DSC9233.JPG",
      "transform_matrix": [
        [
          0.9650792056576595,
          0.07502766601535966,
          -0.25098401570512185,
          -0.6148457684133943
        ],
        [
          0.19819866450189647,
          -0.835612813628445,
          0.5123168112502442,
          3.209099294317211
        ],
        [
          -0.17128752493058533,
          -0.5441709979705289,
          -0.8213029336188401,
          -1.4791673031515515
        ],
        [
          0.0,
          0.0,
          0.0,
          1.0
        ]
      ]
    },
    {
      "file_path": "./train/_DSC9234.JPG",
      "transform_matrix": [
        [
          0.9773594952874592,
          -0.03257561407771573,
          -0.20906278085518382,
          -0.6472047703002353
        ],
        [
          0.15028998135430516,
          -0.5886205982523691,
          0.7943165067009157,
          3.540857084399921
        ],
        [
          -0.14893400711713056,
          -0.8077528215243095,
          -0.5703981423913927,
          -1.1771178852726052
        ],
        [
          0.0,
          0.0,
          0.0,
          1.0
        ]
      ]
    },
    {
      "file_path": "./train/_DSC9235.JPG",
      "transform_matrix": [
        [
          0.6705540033532205,
          0.13226656676107632,
          -0.729974577573909,
          -2.5072131590976894
        ],
        [
          0.5266539134974566,
          -0.7778807532839622,
          0.3428369715596458,
          2.4230252402758787
        ],
        [
          -0.5224873050943751,
          -0.6143346718097665,
          -0.591269758255573,
          -0.5832667236762002
        ],
        [
          0.0,
          0.0,
          0.0,
          1.0
        ]
      ]
    },
    {
      "file_path": "./train/_DSC9236.JPG",
      "transform_matrix": [
        [
          0.6789033129690226,
          -0.1037045535372001,
          -0.7268670148076163,
          -2.524582645180421
        ],
        [
          0.5288593604611007,
          -0.6176462491876674,
          0.5820832309189824,
          2.707466104921509
        ],
        [
          -0.509311366938105,
          -0.7795886584860352,
          -0.3644769609558102,
          -0.32160447238706097
        ],
        [
          0.0,
          0.0,
          0.0,
          1.0
        ]
      ]
    },
    {
      "file_path": "./train/_DSC9239.JPG",
      "transform_matrix": [
        [
          -0.5499444641462685,
          0.1278797095869169,
          -0.8253531766648985,
          -3.129610594746571
        ],
        [
          0.5817470214616809,
          -0.6504115939262404,
          -0.4884006157928039,
          -1.160512400835078
        ],
        [
          -0.5992758040963576,
          -0.7487399671196222,
          0.2832966153387128,
          2.6979642421722634
        ],
        [
          0.0,
          0.0,
          0.0,
          1.0
        ]
      ]
    },
    {
      "file_path": "./train/_DSC9240.JPG",
      "transform_matrix": [
        [
          -0.47265800437339844,
          -0.1566371969606913,
          -0.8672134682014884,
          -3.204863843714518
        ],
        [
          0.6181600115397602,
          -0.7602903327256006,
          -0.19959160828341205,
          -0.9831031618569716
        ],
        [
          -0.6280705462246419,
          -0.6304152587717821,
          0.4561841628912462,
          2.9121424749918288
        ],
        [
          0.0,
          0.0,
          0.0,
          1.0
        ]
      ]
    },
    {
      "file_path": "./train/_DSC9241.JPG",
      "transform_matrix": [
        [
          -0.9398771408226335,
          0.09816276290312359,
          -0.32710095098959396,
          -0.8596254250694025
        ],
        [
          0.22079719866894645,
          -0.5560355678170188,
          -0.8012946052372693,
          -2.0978197761859425
        ],
        [
          -0.2605370553664439,
          -0.8253414561874562,
          0.5009310566129355,
          3.6840717634808087
        ],
        [
          0.0,
          0.0,
          0.0,
          1.0
        ]
      ]
    },
    {
      "file_path": "./train/_DSC9242.JPG",
      "transform_matrix": [
        [
          -0.9427446973248232,
          -0.07079616440697739,
          -0.3259146188362636,
          -0.8768901525898453
        ],
        [
          0.23365894199252282,
          -0.8375002021087478,
          -0.4939604339365061,
          -1.9246137967172645
        ],
        [
          -0.23798305505405537,
          -0.5418314447990876,
          0.8060910314189526,
          3.940882326859113
        ],
        [
          0.0,
          0.0,
          0.0,
          1.0
        ]
      ]
    },
    {
      "file_path": "./train/_DSC9243.JPG",
      "transform_matrix": [
        [
          -0.9287384373471005,
          -0.07082569843347512,
          0.3639074544928633,
          1.375705082714535
        ],
        [
          -0.28893416092479096,
          -0.4767655073513551,
          -0.8301877508435618,
          -1.5726062683648019
        ],
        [
          0.23229714945464117,
          -0.876172569441326,
          0.4223264885297064,
          3.2184257001153367
        ],
        [
          0.0,
          0.0,
          0.0,
          1.0
        ]
      ]
    },
    {
      "file_path": "./train/_DSC9244.JPG",
      "transform_matrix": [
        [
          -0.9150318790163737,
          0.059114036237761965,
          0.3990265543838466,
          1.3886931368641944
        ],
        [
          -0.2892426959231601,
          -0.7856534457173641,
          -0.5468887693924016,
          -1.4053960309371898
        ],
        [
          0.28116778485250876,
          -0.6158361746049947,
          0.7359962518987578,
          3.4912250026568827
        ],
        [
          0.0,
          0.0,
          0.0,
          1.0
        ]
      ]
    },
    {
      "file_path": "./train/_DSC9247.JPG",
      "transform_matrix": [
        [
          0.053700309758810065,
          -0.1254275354453586,
          0.9906483786308395,
          4.032215984654157
        ],
        [
          -0.7664375224815815,
          -0.6410955395042395,
          -0.03962364647610338,
          1.0405747159527234
        ],
        [
          0.640070153080194,
          -0.7571422868786761,
          -0.13055939857408047,
          0.945163499826205
        ],
        [
          0.0,
          0.0,
          0.0,
          1.0
        ]
      ]
    },
    {
      "file_path": "./train/_DSC9248.JPG",
      "transform_matrix": [
        [
          0.07644460995497551,
          0.1775985193767775,
          0.9811294448359031,
          4.0379853435919815
        ],
        [
          -0.7726090504990213,
          -0.6114535197922107,
          0.17087963079523924,
          1.2222033766258356
        ],
        [
          0.6302630218375752,
          -0.7710923155166916,
          0.09047189759961158,
          1.1469603078027821
        ],
        [
          0.0,
          0.0,
          0.0,
          1.0
        ]
      ]
    },
    {
      "file_path": "./train/_DSC9249.JPG",
      "transform_matrix": [
        [
          0.7904897018813326,
          -0.12730379757400132,
          0.5990991356551932,
          2.7294529670219547
        ],
        [
          -0.46894185596880983,
          -0.7550083401486782,
          0.45831860318610873,
          2.93010034091072
        ],
        [
          0.39397914531113176,
          -0.643238796582712,
          -0.6565243968282783,
          -0.8713119394572966
        ],
        [
          0.0,
          0.0,
          0.0,
          1.0
        ]
      ]
    },
    {
      "file_path": "./train/_DSC9250.JPG",
      "transform_matrix": [
        [
          0.7588971369370663,
          0.12832912038650168,
          0.6384408918682688,
          2.7436211104264547
        ],
        [
          -0.49744356004329787,
          -0.5184713985188524,
          0.6955122669582149,
          3.0877419663065995
        ],
        [
          0.42026781951533415,
          -0.8454105782273675,
          -0.3296299654174275,
          -0.7184132566774699
        ],
        [
          0.0,
          0.0,
          0.0,
          1.0
        ]
      ]
    },
    {
      "file_path": "./train/_DSC9251.JPG",
      "transform_matrix": [
        [
          0.9946540720253816,
          -0.07289141799471216,
          0.0731445020903615,
          0.600062851060241
        ],
        [
          -0.0955941905660942,
          -0.9178375264466424,
          0.38527396197553027,
          2.838523748992478
        ],
        [
          0.039051603466951454,
          -0.3902065045960014,
          -0.919898829240276,
          -1.8552223026697072
        ],
        [
          0.0,
          0.0,
          0.0,
          1.0
        ]
      ]
    },
    {
      "file_path": "./train/_DSC9252.JPG",
      "transform_matrix": [
        [
          0.994095940323789,
          -0.011670077511338115,
          0.10787525537694538,
          0.6275582419260689
        ],
        [
          -0.08712764382463853,
          -0.6783957914943615,
          0.7295121135144403,
          3.2012515441185254
        ],
        [
          0.06466865634392563,
          -0.7346039472897065,
          -0.6754072886141023,
          -1.7613067151503605
        ],
        [
          0.0,
          0.0,
          0.0,
          1.0
        ]
      ]
    },
    {
      "file_path": "./train/_DSC9255.JPG",
      "transform_matrix": [
        [
          0.35861611031952073,
          0.3698767346368686,
          -0.8570797434274509,
          -3.2290230014882306
        ],
        [
          0.6334044269796432,
          -0.7708589510670744,
          -0.06764103371741158,
          0.9737285553807873
        ],
        [
          -0.6857064366781805,
          -0.5186209393517942,
          -0.5107239997924271,
          -0.3467904933405222
        ],
        [
          0.0,
          0.0,
          0.0,
          1.0
        ]
      ]
    },
    {
      "file_path": "./train/_DSC9256.JPG",
      "transform_matrix": [
        [
          0.3784685838023588,
          -0.06277019616286074,
          -0.9234833152517227,
          -3.466540439626465
        ],
        [
          0.6579459813674177,
          -0.6835099960491212,
          0.3161031016984739,
          1.1910227973106944
        ],
        [
          -0.6510519308604363,
          -0.7272372293650856,
          -0.2173876619044681,
          -0.24036167044399875
        ],
        [
          0.0,
          0.0,
          0.0,
          1.0
        ]
      ]
    },
    {
      "file_path": "./train/_DSC9257.JPG",
      "transform_matrix": [
        [
          -0.2926562876842413,
          0.39828411846304373,
          -0.8693227583924136,
          -3.613787750613927
        ],
        [
          0.6530082508430737,
          -0.5808766643946349,
          -0.48596555957457716,
          -0.8873582478545199
        ],
        [
          -0.6985216686758886,
          -0.7098958104833968,
          -0.09008560733198903,
          1.293254142027236
        ],
        [
          0.0,
          0.0,
          0.0,
          1.0
        ]
      ]
    },
    {
      "file_path": "./train/_DSC9258.JPG",
      "transform_matrix": [
        [
          -0.2800437323768931,
          -0.08791942433522269,
          -0.9559527617936893,
          -3.674267645952034
        ],
        [
          0.6837910034848171,
          -0.7172022471792862,
          -0.13435326640692,
          -0.5706921299366936
        ],
        [
          -0.6737992071156257,
          -0.6912966884526103,
          0.2609665055611717,
          1.6485499473456062
        ],
        [
          0.0,
          0.0,
          0.0,
          1.0
        ]
      ]
    },
    {
      "file_path": "./train/_DSC9259.JPG",
      "transform_matrix": [
        [
          -0.8059929849033499,
          0.29091612161918284,
          -0.5155027822123185,
          -1.4944567764130197
        ],
        [
          0.4058767742515244,
          -0.3622984533881157,
          -0.8390493875784407,
          -2.0062294367907643
        ],
        [
          -0.43085885439406424,
          -0.885498526737697,
          0.17393391485159665,
          2.39721476847465
        ],
        [
          0.0,
          0.0,
          0.0,
          1.0
        ]
      ]
    },
    {
      "file_path": "./train/_DSC9260.JPG",
      "transform_matrix": [
        [
          -0.77438089137987,
          -0.025324270947564995,
          -0.6322127144930666,
          -1.5436001214691022
        ],
        [
          0.4681227737364276,
          -0.6951552191957215,
          -0.5455458641894938,
          -1.783473082701364
        ],
        [
          -0.4256704168426916,
          -0.7184134620995924,
          0.5501697862469787,
          2.7086311399840692
        ],
        [
          0.0,
          0.0,
          0.0,
          1.0
        ]
      ]
    },
    {
      "file_path": "./train/_DSC9263.JPG",
      "transform_matrix": [
        [
          -0.5186365519599184,
          -0.3091184848437342,
          0.7971586349648613,
          3.353376290647862
        ],
        [
          -0.6694158110697782,
          -0.43319645085122543,
          -0.6035091605433118,
          -1.2875206898619234
        ],
        [
          0.5318821287286478,
          -0.8466325042766879,
          0.017742712342424517,
          1.9029890901770514
        ],
        [
          0.0,
          0.0,
          0.0,
          1.0
        ]
      ]
    },
    {
      "file_path": "./train/_DSC9264.JPG",
      "transform_matrix": [
        [
          -0.5248476799672833,
          0.07854721925929938,
          0.8475643026812721,
          3.550143402210288
        ],
        [
          -0.643464973837113,
          -0.6884443616322936,
          -0.3346598099286903,
          -1.1143062192466786
        ],
        [
          0.5572142678339842,
          -0.721023366669441,
          0.41187081037492973,
          2.244079175878859
        ],
        [
          0.0,
          0.0,
          0.0,
          1.0
        ]
      ]
    },
    {
      "file_path": "./train/_DSC9265.JPG",
      "transform_matrix": [
        [
          0.038200229021858406,
          -0.4338345477228117,
          0.9001823858001338,
          3.645029639824633
        ],
        [
          -0.7530167086719131,
          -0.6046840697136034,
          -0.2594667845708057,
          0.29206058491422626
        ],
        [
          0.6568916036634938,
          -0.6679406867654772,
          -0.3497837331833289,
          0.42713131214994443
        ],
        [
          0.0,
          0.0,
          0.0,
          1.0
        ]
      ]
    },
    {
      "file_path": "./train/_DSC9266.JPG",
      "transform_matrix": [
        [
          0.06975133062572504,
          0.17245484227426092,
          0.9825446958037584,
          3.814763014822721
        ],
        [
          -0.7541274849850982,
          -0.6356360047034442,
          0.16510180469847605,
          0.6266729278812773
        ],
        [
          0.6530133905717331,
          -0.752480030898364,
          0.0857164793561053,
          0.8124133728710033
        ],
        [
          0.0,
          0.0,
          0.0,
          1.0
        ]
      ]
    },
    {
      "file_path": "./train/_DSC9267.JPG",
      "transform_matrix": [
        [
          0.6635170612966336,
          -0.37240049093591343,
          0.6488936613336348,
          2.5892453345406463
        ],
        [
          -0.5700102589939375,
          -0.8134015158594513,
          0.11604429602186896,
          1.574276670582298
        ],
        [
          0.48459613495151166,
          -0.4468734142329766,
          -0.7519778837451399,
          -0.8577756479592978
        ],
        [
          0.0,
          0.0,
          0.0,
          1.0
        ]
      ]
    },
    {
      "file_path": "./train/_DSC9268.JPG",
      "transform_matrix": [
        [
          0.6465232280408216,
          0.16014114573202468,
          0.7458971303385676,
          2.8020945518844758
        ],
        [
          -0.5578449832329796,
          -0.5677051591085107,
          0.6054088098164556,
          1.9866851931872318
        ],
        [
          0.5204005094977066,
          -0.8075058301741325,
          -0.27770063728647104,
          -0.727910741612416
        ],
        [
          0.0,
          0.0,
          0.0,
          1.0
        ]
      ]
    },
    {
      "file_path": "./train/_DSC9271.JPG",
      "transform_matrix": [
        [
          0.9446128966493381,
          0.18276754988039481,
          -0.2725848458635667,
          -0.8993455440519121
        ],
        [
          0.22387805168166341,
          -0.9661743181829295,
          0.12800705003621393,
          2.021543735181559
        ],
        [
          -0.23996894269669455,
          -0.18194287453612665,
          -0.9535783643448302,
          -2.4701526646826104
        ],
        [
          0.0,
          0.0,
          0.0,
          1.0
        ]
      ]
    },
    {
      "file_path": "./train/_DSC9272.JPG",
      "transform_matrix": [
        [
          0.9493386909343312,
          0.01116511960047571,
          -0.3140563484462578,
          -0.8455036694687701
        ],
        [
          0.2220660425792874,
          -0.7309574825712223,
          0.6452812033573542,
          2.40901616408424
        ],
        [
          -0.22235719603436344,
          -0.6823316633261629,
          -0.6964056135574205,
          -1.9073113144808602
        ],
        [
          0.0,
          0.0,
          0.0,
          1.0
        ]
      ]
    },
    {
      "file_path": "./train/_DSC9273.JPG",
      "transform_matrix": [
        [
          0.6363741655269733,
          0.4252077362886892,
          -0.6436041504295144,
          -2.5898086188756553
        ],
        [
          0.5447028805432237,
          -0.8384881129054164,
          -0.015377140313731195,
          1.1583857835761087
        ],
        [
          -0.5461929085751324,
          -0.3407874198331889,
          -0.7652040519401835,
          -1.541088908468081
        ],
        [
          0.0,
          0.0,
          0.0,
          1.0
        ]
      ]
    },
    {
      "file_path": "./train/_DSC9274.JPG",
      "transform_matrix": [
        [
          0.6465382788258761,
          0.05769377615147492,
          -0.7606968398818659,
          -2.5554842032141574
        ],
        [
          0.5365820491155673,
          -0.7431870058224939,
          0.3996908542155239,
          1.5007176658310477
        ],
        [
          -0.5422803320975349,
          -0.6665917060464973,
          -0.511456292218805,
          -1.1556808495485749
        ],
        [
          0.0,
          0.0,
          0.0,
          1.0
        ]
      ]
    },
    {
      "file_path": "./train/_DSC9275.JPG",
      "transform_matrix": [
        [
          0.08896699358629563,
          0.32220014074697934,
          -0.9424818000125215,
          -3.4483656635241657
        ],
        [
          0.7079497634792361,
          -0.6860612539659185,
          -0.16771132399574334,
          -0.2987665615404233
        ],
        [
          -0.7006368577529376,
          -0.6523089951160709,
          -0.2891383206161923,
          -0.22502089001070624
        ],
        [
          0.0,
          0.0,
          0.0,
          1.0
        ]
      ]
    },
    {
      "file_path": "./train/_DSC9276.JPG",
      "transform_matrix": [
        [
          0.10851964496608753,
          0.1109284920880394,
          -0.9878858012440043,
          -3.454338382430672
        ],
        [
          0.6936812963998394,
          -0.7202668861300823,
          -0.004676726367171056,
          0.04225767077324321
        ],
        [
          -0.712060212117959,
          -0.6847703866169659,
          -0.1551121269629765,
          0.13593266681194188
        ],
        [
          0.0,
          0.0,
          0.0,
          1.0
        ]
      ]
    },
    {
      "file_path": "./train/_DSC9279.JPG",
      "transform_matrix": [
        [
          -0.8541987451954101,
          0.2860044202414879,
          -0.4342188104042892,
          -1.6369878552609265
        ],
        [
          0.3696949578174074,
          -0.25314455604812,
          -0.894004178909464,
          -2.835994517978853
        ],
        [
          -0.3656092748700053,
          -0.9241857526198562,
          0.11050137005258383,
          2.0815409084761005
        ],
        [
          0.0,
          0.0,
          0.0,
          1.0
        ]
      ]
    },
    {
      "file_path": "./train/_DSC9280.JPG",
      "transform_matrix": [
        [
          -0.8283459929507231,
          0.06898205401138324,
          -0.5559535881589853,
          -1.6369062457950614
        ],
        [
          0.4059646769911884,
          -0.6099528082270813,
          -0.6805514328625994,
          -2.5109362101558848
        ],
        [
          -0.3860512880407475,
          -0.7894295712476621,
          0.4772476873090237,
          2.44286308939721
        ],
        [
          0.0,
          0.0,
          0.0,
          1.0
        ]
      ]
    },
    {
      "file_path": "./train/_DSC9281.JPG",
      "transform_matrix": [
        [
          -0.9981749467830848,
          0.057965804607842224,
          0.016933431747622574,
          0.3809744122209306
        ],
        [
          -0.023339178462615663,
          -0.11168185245467865,
          -0.9934699022018643,
          -2.6691203333581703
        ],
        [
          -0.05569612520881601,
          -0.9920519791464845,
          0.11283090138905683,
          2.177865407501872
        ],
        [
          0.0,
          0.0,
          0.0,
          1.0
        ]
      ]
    },
    {
      "file_path": "./train/_DSC9282.JPG",
      "transform_matrix": [
        [
          -0.9980821545006446,
          0.040995137009967125,
          -0.04638331174986275,
          0.3457090121133776
        ],
        [
          0.01568409623396495,
          -0.5573707826443598,
          -0.8301155460414757,
          -2.357134480859943
        ],
        [
          -0.0598834033157323,
          -0.8292509930026903,
          0.5556588599234041,
          2.4093456515354785
        ],
        [
          0.0,
          0.0,
          0.0,
          1.0
        ]
      ]
    },
    {
      "file_path": "./train/_DSC9283.JPG",
      "transform_matrix": [
        [
          -0.6356246752904218,
          -0.45044616807435894,
          0.626960542481799,
          2.7154757940080043
        ],
        [
          -0.580305462402959,
          -0.2568247482849049,
          -0.7728432046500007,
          -1.894171682564924
        ],
        [
          0.5091432435643558,
          -0.8550668385193764,
          -0.09815222461689521,
          1.5496463924517276
        ],
        [
          0.0,
          0.0,
          0.0,
          1.0
        ]
      ]
    },
    {
      "file_path": "./train/_DSC9284.JPG",
      "transform_matrix": [
        [
          -0.6849446081250721,
          -0.06496523096388687,
          0.7256930498263024,
          2.6836916873957115
        ],
        [
          -0.5486738554587598,
          -0.6093427103662808,
          -0.5724145889645849,
          -1.5679482335700434
        ],
        [
          0.4793828158543143,
          -0.790241089851245,
          0.381721280221977,
          1.866118678929329
        ],
        [
          0.0,
          0.0,
          0.0,
          1.0
        ]
      ]
    },
    {
      "file_path": "./train/_DSC9287.JPG",
      "transform_matrix": [
        [
          0.8351982893761393,
          -0.3241929096109339,
          0.44423279345537703,
          2.2333683894244984
        ],
        [
          -0.4283915147738467,
          -0.8900469543082773,
          0.155875364302152,
          1.8545356933044674
        ],
        [
          0.3448543569290374,
          -0.32049239692160614,
          -0.8822471853298846,
          -1.7183091469695744
        ],
        [
          0.0,
          0.0,
          0.0,
          1.0
        ]
      ]
    },
    {
      "file_path": "./train/_DSC9288.JPG",
      "transform_matrix": [
        [
          0.8118650336552692,
          -0.06184017365535757,
          0.5805609012413805,
          2.256067254151236
        ],
        [
          -0.43958484628598254,
          -0.7191618812509359,
          0.5381183433700657,
          2.1748293362597386
        ],
        [
          0.38423993811635176,
          -0.6920852414824998,
          -0.6110463881559666,
          -1.4637305192197694
        ],
        [
          0.0,
          0.0,
          0.0,
          1.0
        ]
      ]
    },
    {
      "file_path": "./train/_DSC9289.JPG",
      "transform_matrix": [
        [
          0.9976222885722887,
          0.06496685191698208,
          -0.023001684629306636,
          0.1711479369140849
        ],
        [
          0.06581048074138311,
          -0.9971065433515075,
          0.03804631165036039,
          1.482334936310102
        ],
        [
          -0.020463381157013134,
          -0.039469600423683415,
          -0.9990112114856456,
          -2.923002789179052
        ],
        [
          0.0,
          0.0,
          0.0,
          1.0
        ]
      ]
    },
    {
      "file_path": "./train/_DSC9290.JPG",
      "transform_matrix": [
        [
          0.9962911558424679,
          -0.026604010248838933,
          -0.08183006433309793,
          0.19641304225904024
        ],
        [
          0.03777703578351456,
          -0.7192103365566839,
          0.6937646483912483,
          1.8716251735889289
        ],
        [
          -0.07730994992554538,
          -0.6942828806968389,
          -0.7155378768547536,
          -2.525828102216124
        ],
        [
          0.0,
          0.0,
          0.0,
          1.0
        ]
      ]
    },
    {
      "file_path": "./train/_DSC9291.JPG",
      "transform_matrix": [
        [
          0.8134331234455044,
          0.3990583515496769,
          -0.4231772509719127,
          -1.7322148838593154
        ],
        [
          0.4204586553864556,
          -0.9061306843102092,
          -0.04627852700903129,
          0.9822481595307168
        ],
        [
          -0.40192172470806364,
          -0.14028405116037368,
          -0.9048642507015785,
          -2.406083517157683
        ],
        [
          0.0,
          0.0,
          0.0,
          1.0
        ]
      ]
    },
    {
      "file_path": "./train/_DSC9292.JPG",
      "transform_matrix": [
        [
          0.7865921238137666,
          -0.011442507946814371,
          -0.617366908544696,
          -1.7161181459247183
        ],
        [
          0.4503738355297779,
          -0.6733570125483719,
          0.5863051610911576,
          1.2182688175557914
        ],
        [
          -0.4224171386489243,
          -0.7392289243961027,
          -0.5245039163932301,
          -2.088235053146202
        ],
        [
          0.0,
          0.0,
          0.0,
          1.0
        ]
      ]
    },
    {
      "file_path": "./train/_DSC9295.JPG",
      "transform_matrix": [
        [
          -0.316239623731571,
          0.6801640297941104,
          -0.6613390907517496,
          -3.040576491488362
        ],
        [
          0.6793568591062932,
          -0.32421558248037713,
          -0.6582997144630566,
          -2.06989160526443
        ],
        [
          -0.6621682251266262,
          -0.6574657015017179,
          -0.3595442851464995,
          0.278909188190611
        ],
        [
          0.0,
          0.0,
          0.0,
          1.0
        ]
      ]
    },
    {
      "file_path": "./train/_DSC9296.JPG",
      "transform_matrix": [
        [
          -0.33964416743731024,
          0.05272015116864704,
          -0.9390753032566511,
          -3.0420843509141418
        ],
        [
          0.6658191201626922,
          -0.6917243474108851,
          -0.27964678869023973,
          -1.9344830929061239
        ],
        [
          -0.6643242722884622,
          -0.7202346929020708,
          0.19983805540653415,
          0.43645966661277336
        ],
        [
          0.0,
          0.0,
          0.0,
          1.0
        ]
      ]
    },
    {
      "file_path": "./train/_DSC9297.JPG",
      "transform_matrix": [
        [
          -0.8725913205850474,
          0.35711445729725705,
          -0.33324713296430286,
          -1.342688126504356
        ],
        [
          0.3431536250405542,
          -0.0373323513741455,
          -0.9385370984475808,
          -3.2152179800276297
        ],
        [
          -0.3476060656277,
          -0.9333142878635053,
          -0.08996923478983376,
          1.417955901814378
        ],
        [
          0.0,
          0.0,
          0.0,
          1.0
        ]
      ]
    },
    {
      "file_path": "./train/_DSC9298.JPG",
      "transform_matrix": [
        [
          -0.887341614427369,
          0.05218044535886798,
          -0.45815069619894716,
          -1.2864085984968008
        ],
        [
          0.31724536772879,
          -0.65196498569431,
          -0.6886922637021873,
          -3.1486898780700057
        ],
        [
          -0.3346344811283718,
          -0.7564514912079744,
          0.5619616583799792,
          1.492587955566292
        ],
        [
          0.0,
          0.0,
          0.0,
          1.0
        ]
      ]
    },
    {
      "file_path": "./train/_DSC9299.JPG",
      "transform_matrix": [
        [
          -0.9863998493102588,
          -0.09429579119528558,
          0.13462407304622173,
          0.8042753174606458
        ],
        [
          -0.1462551346945657,
          0.1298180732668086,
          -0.9806919513429119,
          -2.9769359364992756
        ],
        [
          0.0749984856925378,
          -0.9870438549609378,
          -0.14184377155052483,
          1.4347067944979868
        ],
        [
          0.0,
          0.0,
          0.0,
          1.0
        ]
      ]
    },
    {
      "file_path": "./train/_DSC9300.JPG",
      "transform_matrix": [
        [
          -0.9849515489249651,
          0.00819131841557516,
          0.17263646362494378,
          0.8232226972752517
        ],
        [
          -0.138784311119973,
          -0.6327852397626389,
          -0.7617885240179811,
          -2.8232822846641943
        ],
        [
          0.10300175366112181,
          -0.7742840193631497,
          0.6243996285245362,
          1.6758918195619845
        ],
        [
          0.0,
          0.0,
          0.0,
          1.0
        ]
      ]
    },
    {
      "file_path": "./train/_DSC9303.JPG",
      "transform_matrix": [
        [
          0.12753036165737444,
          -0.681721405045809,
          0.7204109471391361,
          3.5884315640973217
        ],
        [
          -0.7309840632038282,
          -0.5555301828809198,
          -0.3962934711174452,
