{
  "camera_angle_x": 1.0921066048300383,
  "camera_angle_y": 0.7608849519220179,
  "w": 1264,
  "h": 832,
  "frames": [
    {
      "file_path": "./train/DSC05574.jpg",
      "transform_matrix": [
        [
          0.9994487134606661,
          0.030319366883906088,
          -0.013527939738871115,
          3.1917627022376367
        ],
        [
          0.026347804633456463,
          -0.9722491250646677,
          -0.23245952766446368,
          1.985135990408217
        ],
        [
          -0.02020055327996338,
          0.23197494434258936,
          -0.9725119859644076,
          -2.91312358356598
        ],
        [
          0.0,
          0.0,
          0.0,
          1.0
        ]
      ]
    },
    {
      "file_path": "./train/DSC05575.jpg",
      "transform_matrix": [
        [
          0.9990757434189459,
          -0.006435158689905176,
          -0.04249997228841889,
          1.2858015246782324
        ],
        [
          0.017132556032579863,
          -0.8471838777059787,
          0.5310234955996314,
          -0.09499662960717997
        ],
        [
          -0.03942251178795114,
          -0.5312608267957435,
          -0.8462906117148126,
          -2.7754190260258196
        ],
        [
          0.0,
          0.0,
          0.0,
          1.0
        ]
      ]
    },
    {
      "file_path": "./train/DSC05576.jpg",
      "transform_matrix": [
        [
          0.9992466142796186,
          0.02866598505202291,
          -0.026162284910084013,
          1.2269163665056044
        ],
        [
          0.03583861064376682,
          -0.9402491060706772,
          0.33859594285876615,
          1.0385469677834065
        ],
        [
          -0.014892878762807867,
          -0.33927846945288104,
          -0.9405680848975615,
          -2.2262117331643454
        ],
        [
          0.0,
          0.0,
          0.0,
          1.0
        ]
      ]
    },
    {
      "file_path": "./train/DSC05577.jpg",
      "transform_matrix": [
        [
          0.9969517839766932,
          0.012040488394896187,
          -0.07708545300445042,
          1.283384523631019
        ],
        [
          -0.0019866754569749278,
          -0.9837820019797795,
          -0.17935725717485146,
          1.5162406080257367
        ],
        [
          -0.07799483025379067,
          0.1789636812872084,
          -0.9807593013751196,
          -2.1222390266725393
        ],
        [
          0.0,
          0.0,
          0.0,
          1.0
        ]
      ]
    },
    {
      "file_path": "./train/DSC05578.jpg",
      "transform_matrix": [
        [
          0.9987608879830355,
          -0.003017233173108942,
          -0.04967479178937085,
          -1.352661673188986
        ],
        [
          0.020517018073378246,
          -0.8844231791272694,
          0.4662345892271297,
          -0.18436363683109389
        ],
        [
          -0.04534027574590747,
          -0.4666760509458278,
          -0.8832653751103866,
          -2.542336988602503
        ],
        [
          0.0,
          0.0,
          0.0,
          1.0
        ]
      ]
    },
    {
      "file_path": "./train/DSC05579.jpg",
      "transform_matrix": [
        [
          0.9997651564564491,
          0.01220666541334949,
          -0.017906123396714827,
          -1.3367190000309777
        ],
        [
          0.01727006864799603,
          -0.947914952161883,
          0.3180550081303998,
          1.077548978008789
        ],
        [
          -0.013091091035713766,
          -0.3182895549455271,
          -0.9479031504051841,
          -1.8527493559894634
        ],
        [
          0.0,
          0.0,
          0.0,
          1.0
        ]
      ]
    },
    {
      "file_path": "./train/DSC05582.jpg",
      "transform_matrix": [
        [
          0.9969961138992909,
          0.05938461413048585,
          -0.04972138849917117,
          -4.756853567748849
        ],
        [
          0.06757447505107772,
          -0.9806484913152136,
          0.18374500483759243,
          1.086253854071792
        ],
        [
          -0.03784757840712514,
          -0.18655295249812823,
          -0.9817156190684488,
          -2.8969467266021804
        ],
        [
          0.0,
          0.0,
          0.0,
          1.0
        ]
      ]
    },
    {
      "file_path": "./train/DSC05583.jpg",
      "transform_matrix": [
        [
          0.9701682597919045,
          0.14361799226835045,
          -0.195313645168882,
          -3.9184957174684145
        ],
        [
          0.06453046019408609,
          -0.9295579622058764,
          -0.3629845927953388,
          1.4563089294379237
        ],
        [
          -0.23368647243579888,
          0.33955245131859446,
          -0.9110953657022113,
          -2.855303659260614
        ],
        [
          0.0,
          0.0,
          0.0,
          1.0
        ]
      ]
    },
    {
      "file_path": "./train/DSC05584.jpg",
      "transform_matrix": [
        [
          0.09126653496627986,
          -0.9953982387944834,
          -0.02920215403166837,
          -5.483188163120405
        ],
        [
          -0.9948681272945976,
          -0.08985326308120455,
          -0.04651666805565621,
          1.9706536654328117
        ],
        [
          0.043678700628442445,
          0.033297707406070666,
          -0.9984905777186436,
          -4.966336018413372
        ],
        [
          0.0,
          0.0,
          0.0,
          1.0
        ]
      ]
    },
    {
      "file_path": "./train/DSC05585.jpg",
      "transform_matrix": [
        [
          0.08627037599403535,
          -0.988377343617219,
          0.12517047914751075,
          -5.53563705574611
        ],
        [
          -0.8172550729991628,
          0.0016466978833344552,
          0.5762737492227233,
          1.6018226568056904
        ],
        [
          -0.5697820354161588,
          -0.15201156209397587,
          -0.8076143368630652,
          -5.176712081935186
        ],
        [
          0.0,
          0.0,
          0.0,
          1.0
        ]
      ]
    },
    {
      "file_path": "./train/DSC05586.jpg",
      "transform_matrix": [
        [
          0.6962567049436693,
          -0.08567924893848278,
          -0.7126609762869872,
          -5.677501764787482
        ],
        [
          0.2807534612521939,
          -0.8812469930748958,
          0.380238387319544,
          0.503632538020866
        ],
        [
          -0.6606088818778455,
          -0.46482556244013956,
          -0.589519381942876,
          -4.398340478244811
        ],
        [
          0.0,
          0.0,
          0.0,
          1.0
        ]
      ]
    },
    {
      "file_path": "./train/DSC05587.jpg",
      "transform_matrix": [
        [
          0.6400860226782953,
          0.15433255732817194,
          -0.7526429069089984,
          -5.331882051104457
        ],
        [
          0.31537157961997453,
          -0.9460618470156983,
          0.07421420611478358,
          1.3451655648448446
        ],
        [
          -0.7005930704338168,
          -0.28486565845989925,
          -0.654233067255336,
          -3.7437727587937375
        ],
        [
          0.0,
          0.0,
          0.0,
          1.0
        ]
      ]
    },
    {
      "file_path": "./train/DSC05590.jpg",
      "transform_matrix": [
        [
          -0.033644487533056516,
          0.2149070087887903,
          -0.9760548273699039,
          -3.2695866171132715
        ],
        [
          0.4427319042091745,
          -0.8723535065883226,
          -0.20733504416372978,
          1.4456467841233722
        ],
        [
          -0.8960226054369143,
          -0.439106293642567,
          -0.06579630255212994,
          -3.1678141990379385
        ],
        [
          0.0,
          0.0,
          0.0,
          1.0
        ]
      ]
    },
    {
      "file_path": "./train/DSC05591.jpg",
      "transform_matrix": [
        [
          -0.0553869126025372,
          0.7526149805438378,
          -0.6561272597395703,
          -3.274135915134548
        ],
        [
          0.4213619043107966,
          -0.5781352482967774,
          -0.6987229638937043,
          1.7213862815543688
        ],
        [
          -0.9051996661002136,
          -0.3151671393686564,
          -0.28510215494492497,
          -3.0565321637695697
        ],
        [
          0.0,
          0.0,
          0.0,
          1.0
        ]
      ]
    },
    {
      "file_path": "./train/DSC05592.jpg",
      "transform_matrix": [
        [
          -0.0054936026117048285,
          -0.17205508920418486,
          -0.9850720108749841,
          -3.189981166369364
        ],
        [
          0.3901794670935007,
          -0.907374084067995,
          0.15630820522416294,
          -0.857933583128108
        ],
        [
          -0.9207224358018958,
          -0.383496177087474,
          0.07211711565444276,
          -1.3185276410088587
        ],
        [
          0.0,
          0.0,
          0.0,
          1.0
        ]
      ]
    },
    {
      "file_path": "./train/DSC05593.jpg",
      "transform_matrix": [
        [
          0.0010921123888011802,
          0.09827859031522457,
          -0.995158342162785,
          -3.037055157943339
        ],
        [
          0.42642763486923885,
          -0.9001884835349263,
          -0.08843170433117778,
          -0.22201532104011124
        ],
        [
          -0.9045210221494895,
          -0.4242664408090062,
          -0.04289181382152873,
          -1.0582994783219666
        ],
        [
          0.0,
          0.0,
          0.0,
          1.0
        ]
      ]
    },
    {
      "file_path": "./train/DSC05594.jpg",
      "transform_matrix": [
        [
          -0.03674702260673988,
          0.34876526237983047,
          -0.9364894276427618,
          -3.1275894713795775
        ],
        [
          0.40751584148413117,
          -0.8504333483200177,
          -0.33270701676502684,
          0.7786800850411031
        ],
        [
          -0.912458489614196,
          -0.39386026941331803,
          -0.11087647590290928,
          -0.6269260159509816
        ],
        [
          0.0,
          0.0,
          0.0,
          1.0
        ]
      ]
    },
    {
      "file_path": "./train/DSC05595.jpg",
      "transform_matrix": [
        [
          -0.022469867944547802,
          0.6793167243641607,
          -0.7335011199948516,
          -3.1366595501747803
        ],
        [
          0.4094678937076612,
          -0.663072666330662,
          -0.626634409514637,
          0.8497186065582762
        ],
        [
          -0.9120477778368665,
          -0.3144255510678059,
          -0.2632592330356915,
          -0.5894355746248423
        ],
        [
          0.0,
          0.0,
          0.0,
          1.0
        ]
      ]
    },
    {
      "file_path": "./train/DSC05598.jpg",
      "transform_matrix": [
        [
          -0.08416277947091312,
          0.3230640148780434,
          -0.9426273223509966,
          -3.0961772693219247
        ],
        [
          0.43885942015308016,
          -0.8372777843641247,
          -0.32614156612306305,
          -0.47419016764554084
        ],
        [
          -0.8946055197094597,
          -0.44112986081332267,
          -0.07131206072037166,
          2.190864447742812
        ],
        [
          0.0,
          0.0,
          0.0,
          1.0
        ]
      ]
    },
    {
      "file_path": "./train/DSC05599.jpg",
      "transform_matrix": [
        [
          -0.09426797079565127,
          0.7661497189673522,
          -0.6357107501122801,
          -3.1725704747582566
        ],
        [
          0.3908203238887529,
          -0.5588135076779531,
          -0.7314280129118329,
          -0.3368931682595918
        ],
        [
          -0.9156271206760755,
          -0.31739891581873725,
          -0.24674866589209674,
          2.2231839262866426
        ],
        [
          0.0,
          0.0,
          0.0,
          1.0
        ]
      ]
    },
    {
      "file_path": "./train/DSC05600.jpg",
      "transform_matrix": [
        [
          -0.7519059141406009,
          -0.17958664562837248,
          -0.6343391309010793,
          -2.6199771560358593
        ],
        [
          0.2731295815126693,
          -0.9605814733613629,
          -0.051802169236696,
          -2.4379430433984317
        ],
        [
          -0.6000314391622338,
          -0.21220713877450617,
          0.7713173162000424,
          2.238391524530268
        ],
        [
          0.0,
          0.0,
          0.0,
          1.0
        ]
      ]
    },
    {
      "file_path": "./train/DSC05601.jpg",
      "transform_matrix": [
        [
          -0.7398838660870742,
          0.022724300167450737,
          -0.6723507052766015,
          -2.5154550666957087
        ],
        [
          0.302749000288793,
          -0.8812578107266763,
          -0.3629431275797382,
          -1.8692460028397744
        ],
        [
          -0.6007619391474299,
          -0.47208926826938696,
          0.6451486768619262,
          2.392678200130235
        ],
        [
          0.0,
          0.0,
          0.0,
          1.0
        ]
      ]
    },
    {
      "file_path": "./train/DSC05602.jpg",
      "transform_matrix": [
        [
          -0.7355833769500794,
          0.34536229466286333,
          -0.5827881098477551,
          -2.4292676672745097
        ],
        [
          0.323275653018927,
          -0.5770575123454929,
          -0.7499983197386629,
          -1.359002498282155
        ],
        [
          -0.595323397591514,
          -0.7400875035229502,
          0.3128266922902575,
          2.5461822991273046
        ],
        [
          0.0,
          0.0,
          0.0,
          1.0
        ]
      ]
    },
    {
      "file_path": "./train/DSC05603.jpg",
      "transform_matrix": [
        [
          -0.9955365024593114,
          -0.014851991284070745,
          0.09320134455027144,
          -3.1314972999245523
        ],
        [
          -0.00922009665674868,
          -0.9675107684371882,
          -0.2526616369291584,
          -2.4375041638995967
        ],
        [
          0.09392583291470316,
          -0.2523932077393913,
          0.9630553497064946,
          2.3022082907744146
        ],
        [
          0.0,
          0.0,
          0.0,
          1.0
        ]
      ]
    },
    {
      "file_path": "./train/DSC05606.jpg",
      "transform_matrix": [
        [
          -0.9962990106429022,
          -0.08582674015827639,
          0.004695962710466721,
          -3.060732173725205
        ],
        [
          0.027067752277489768,
          -0.36512482297307175,
          -0.9305649899042663,
          -0.7447895581139783
        ],
        [
          0.08158197214224988,
          -0.9269938696251916,
          0.3660966368306248,
          2.9160516429895056
        ],
        [
          0.0,
          0.0,
          0.0,
          1.0
        ]
      ]
    },
    {
      "file_path": "./train/DSC05607.jpg",
      "transform_matrix": [
        [
          -0.9992104801185615,
          -0.011914884657607257,
          0.03790055335782397,
          -0.912917961641951
        ],
        [
          0.0016565637991451778,
          -0.9656353639332941,
          -0.25989536301710775,
          -2.436011966161661
        ],
        [
          0.03969473790835138,
          -0.25962738577625205,
          0.9648927133818433,
          1.4616739708846698
        ],
        [
          0.0,
          0.0,
          0.0,
          1.0
        ]
      ]
    },
    {
      "file_path": "./train/DSC05608.jpg",
      "transform_matrix": [
        [
          -0.9951214512046361,
          -0.04835763151227587,
          0.08599323709979688,
          -0.7886683093445829
        ],
        [
          0.005777503936874266,
          -0.8987025511765779,
          -0.43852063230476357,
          -1.5553858072228752
        ],
        [
          0.09848816071304377,
          -0.43588446173640233,
          0.894597573334585,
          1.7462306094349953
        ],
        [
          0.0,
          0.0,
          0.0,
          1.0
        ]
      ]
    },
    {
      "file_path": "./train/DSC05609.jpg",
      "transform_matrix": [
        [
          -0.9959018588790387,
          -0.06874248226050182,
          0.05877038892112102,
          -0.7944771677557546
        ],
        [
          -0.0009212133271604357,
          -0.6420795656198955,
          -0.7666374519806426,
          -0.85998141968747
        ],
        [
          0.09043582723280134,
          -0.7635498035793281,
          0.6393849064582993,
          1.9523444269205732
        ],
        [
          0.0,
          0.0,
          0.0,
          1.0
        ]
      ]
    },
    {
      "file_path": "./train/DSC05610.jpg",
      "transform_matrix": [
        [
          -0.9936634549883262,
          -0.08643784093726402,
          0.07184314772312522,
          -0.7781591709243805
        ],
        [
          -0.05863346153431623,
          -0.1466852222278595,
          -0.9874439542416913,
          -0.4737051092032673
        ],
        [
          0.09589085154052192,
          -0.9853993836176617,
          0.14068759489296084,
          2.3789471913068194
        ],
        [
          0.0,
          0.0,
          0.0,
          1.0
        ]
      ]
    },
    {
      "file_path": "./train/DSC05611.jpg",
      "transform_matrix": [
        [
          -0.9975472385047082,
          0.01123132687171012,
          0.0690895379079326,
          1.813176726496155
        ],
        [
          -0.024853432177597827,
          -0.9795609489601239,
          -0.19960624785145173,
          -2.0984523989933614
        ],
        [
          0.06543557030105568,
          -0.20083377347707837,
          0.9774374566028935,
          1.5451080378986128
        ],
        [
          0.0,
          0.0,
          0.0,
          1.0
        ]
      ]
    },
    {
      "file_path": "./train/DSC05614.jpg",
      "transform_matrix": [
        [
          -0.9980855711528923,
          -0.06156353470242253,
          0.005926537888881054,
          1.7666112238143772
        ],
        [
          0.011788370278355354,
          -0.2834288651150524,
          -0.9589208062951673,
          -0.15202710955930598
        ],
        [
          0.06071430624313443,
          -0.9570151564184012,
          0.2836119944622898,
          2.0226294676384518
        ],
        [
          0.0,
          0.0,
          0.0,
          1.0
        ]
      ]
    },
    {
      "file_path": "./train/DSC05615.jpg",
      "transform_matrix": [
        [
          -0.7720305056427389,
          0.07285728237117543,
          0.6313958463297835,
          3.2720000369873756
        ],
        [
          -0.20661111083526382,
          -0.9682237027010132,
          -0.14090674365465378,
          -2.9491112656465073
        ],
        [
          0.6010663417930131,
          -0.23923770173914227,
          0.762551358814695,
          2.7134907502966894
        ],
        [
          0.0,
          0.0,
          0.0,
          1.0
        ]
      ]
    },
    {
      "file_path": "./train/DSC05616.jpg",
      "transform_matrix": [
        [
          -0.7458491477013335,
          -0.06601002762625441,
          0.6628361223756405,
          3.0821889342412505
        ],
        [
          -0.21378422417072465,
          -0.918715736211446,
          -0.3320507514419775,
          -2.29069264446956
        ],
        [
          0.6308766554318803,
          -0.38936367613099415,
          0.6711114462895433,
          2.7558590798281455
        ],
        [
          0.0,
          0.0,
          0.0,
          1.0
        ]
      ]
    },
    {
      "file_path": "./train/DSC05617.jpg",
      "transform_matrix": [
        [
          -0.8019367291022588,
          -0.13636467484499115,
          0.5816374798542385,
          3.26595825401301
        ],
        [
          -0.22484453894567707,
          -0.8331184010721778,
          -0.5053302515199772,
          -1.17821964028522
        ],
        [
          0.5534820826576736,
          -0.5360209000117043,
          0.6374473930667269,
          3.3285320271378587
        ],
        [
          0.0,
          0.0,
          0.0,
          1.0
        ]
      ]
    },
    {
      "file_path": "./train/DSC05618.jpg",
      "transform_matrix": [
        [
          -0.8081986863439359,
          -0.534144988908661,
          0.24800002866068804,
          3.182476995140194
        ],
        [
          -0.18170694670537998,
          -0.17439189144528866,
          -0.967765495209011,
          -1.2407124146780062
        ],
        [
          0.5601762837812251,
          -0.8272101299076922,
          0.04388544254254449,
          3.005853091892874
        ],
        [
          0.0,
          0.0,
          0.0,
          1.0
        ]
      ]
    },
    {
      "file_path": "./train/DSC05619.jpg",
      "transform_matrix": [
        [
          -0.9978485567877642,
          -0.05625293194816961,
          -0.03367291736411167,
          3.59998706705696
        ],
        [
          0.05024135042643342,
          -0.32614412699175255,
          -0.9439840121189108,
          -1.5662553400274708
        ],
        [
          0.04211964415690159,
          -0.9436448569647493,
          0.3282686696900478,
          2.898075027578652
        ],
        [
          0.0,
          0.0,
          0.0,
          1.0
        ]
      ]
    },
    {
      "file_path": "./train/DSC05622.jpg",
      "transform_matrix": [
        [
          0.02377989438854609,
          -0.1419675652479964,
          0.9895856340107333,
          3.4496385737676327
        ],
        [
          -0.3545426854908494,
          -0.9267236729629232,
          -0.12442957098312857,
          -1.902445922038826
        ],
        [
          0.9347373966990975,
          -0.3478914261485394,
          -0.07237095290604588,
          3.191618588350355
        ],
        [
          0.0,
          0.0,
          0.0,
          1.0
        ]
      ]
    },
    {
      "file_path": "./train/DSC05623.jpg",
      "transform_matrix": [
        [
          0.055225469051117276,
          -0.5972810777605445,
          0.8001284032686794,
          3.5909973823814667
        ],
        [
          -0.3279779551031185,
          -0.7677367952979395,
          -0.550464053424042,
          -0.9350888363905102
        ],
        [
          0.9430697792499031,
          -0.2320248419778629,
          -0.23829365113382042,
          3.570080251510788
        ],
        [
          0.0,
          0.0,
          0.0,
          1.0
        ]
      ]
    },
    {
      "file_path": "./train/DSC05624.jpg",
      "transform_matrix": [
        [
          0.024317450552192532,
          -0.9295902976730982,
          0.3677914355591792,
          3.405969756889055
        ],
        [
          -0.21697195898460825,
          -0.3640384110728798,
          -0.9057589106809352,
          -1.235994466662219
        ],
        [
          0.975874905207129,
          -0.05777468074834501,
          -0.21054751399958077,
          3.759746388153322
        ],
        [
          0.0,
          0.0,
          0.0,
          1.0
        ]
      ]
    },
    {
      "file_path": "./train/DSC05625.jpg",
      "transform_matrix": [
        [
          0.12094296119897165,
          0.2132897749463763,
          0.9694742245360357,
          2.51729316352484
        ],
        [
          -0.39100260376099044,
          -0.8874514518480854,
          0.24402230321192184,
          -1.8435210890166458
        ],
        [
          0.912408770227769,
          -0.4085797260218003,
          -0.023934149147205198,
          0.40192319020821426
        ],
        [
          0.0,
          0.0,
          0.0,
          1.0
        ]
      ]
    },
    {
      "file_path": "./train/DSC05626.jpg",
      "transform_matrix": [
        [
          0.10981747438873639,
          -0.18090659087149422,
          0.9773499515005527,
          2.276747523837324
        ],
        [
          -0.36277291758721414,
          -0.9227596822976265,
          -0.13003991306996424,
          -1.027836346258584
        ],
        [
          0.9253842080909634,
          -0.34027543858650355,
          -0.16696314955888664,
          0.7780037110139657
        ],
        [
          0.0,
          0.0,
          0.0,
          1.0
        ]
      ]
    },
    {
      "file_path": "./train/DSC05627.jpg",
      "transform_matrix": [
        [
          0.04636568062120195,
          -0.5163879254367907,
          0.8550986692327499,
          2.2602657952766956
        ],
        [
          -0.3842502417844388,
          -0.7993741338655537,
          -0.461901229480174,
          -0.20269490389575018
        ],
        [
          0.9220639757354869,
          -0.3071555055176178,
          -0.23548571099131188,
          1.0277217499122062
        ],
        [
          0.0,
          0.0,
          0.0,
          1.0
        ]
      ]
    },
    {
      "file_path": "./train/DSC05630.jpg",
      "transform_matrix": [
        [
          0.06956016313975676,
          -0.0027897676942460034,
          0.9975738573660512,
          1.5984227042192172
        ],
        [
          -0.37320045459193524,
          -0.9274548433955933,
          0.02342934387533076,
          -0.13900787538635276
        ],
        [
          0.925139343232328,
          -0.37392476604026614,
          -0.06555505278305353,
          -2.033214868303167
        ],
        [
          0.0,
          0.0,
          0.0,
          1.0
        ]
      ]
    },
    {
      "file_path": "./train/DSC05631.jpg",
      "transform_matrix": [
        [
          0.05232627306632049,
          -0.344505531102481,
          0.937324863740841,
          1.4507796562491162
        ],
        [
          -0.35543132069631744,
          -0.8835723677017318,
          -0.3049072765645771,
          0.4780205855939918
        ],
        [
          0.9332365924110885,
          -0.3171999528274768,
          -0.16868210489315727,
          -1.7624249544011876
        ],
        [
          0.0,
          0.0,
          0.0,
          1.0
        ]
      ]
    },
    {
      "file_path": "./train/DSC05632.jpg",
      "transform_matrix": [
        [
          0.01680894214054382,
          -0.7091713758091582,
          0.7048357391598847,
          1.609631359852903
        ],
        [
          -0.39096578641095947,
          -0.6534714043794663,
          -0.6481673221587062,
          1.0973036113772143
        ],
        [
          0.9202517119354765,
          -0.2646716520356375,
          -0.28824590767008396,
          -1.5626455627876583
        ],
        [
          0.0,
          0.0,
          0.0,
          1.0
        ]
      ]
    },
    {
      "file_path": "./train/DSC05633.jpg",
      "transform_matrix": [
        [
          0.7071411872728395,
          0.08028902766820009,
          0.7024991197848249,
          3.2706586531953925
        ],
        [
          -0.3088258303192253,
          -0.8586853649740464,
          0.4090061741673712,
          0.09207037163029742
        ],
        [
          0.6360644211005674,
          -0.50617498556871,
          -0.5824164628464036,
          -3.928160444542688
        ],
        [
          0.0,
          0.0,
          0.0,
          1.0
        ]
      ]
    },
    {
      "file_path": "./train/DSC05634.jpg",
      "transform_matrix": [
        [
          0.6888369396059134,
          -0.05243719516886719,
          0.7230172966099643,
          3.1866612325882238
        ],
        [
          -0.27731059764017824,
          -0.9405789479863663,
          0.19598488472662276,
          0.5935469293361092
        ],
        [
          0.669777950570789,
          -0.3355019868311998,
          -0.6624469139195314,
          -3.6239639129619663
        ],
        [
          0.0,
          0.0,
          0.0,
          1.0
        ]
      ]
    },
    {
      "file_path": "./train/DSC05635.jpg",
      "transform_matrix": [
        [
          0.6999782075079566,
          -0.09602584271919992,
          0.7076789855181627,
          3.1438456947357585
        ],
        [
          -0.27148037481983833,
          -0.9523088696285196,
          0.1393062199420094,
          1.3655243030102806
        ],
        [
          0.6605519775927011,
          -0.28963227437031064,
          -0.6926645873302985,
          -3.198150062948504
        ],
        [
          0.0,
          0.0,
          0.0,
          1.0
        ]
      ]
    },
    {
      "file_path": "./train/DSC05638.jpg",
      "transform_matrix": [
        [
          0.29624302569195565,
          -0.9037895701979365,
          -0.30887616050822747,
          2.1451231088665383
        ],
        [
          -0.9122535475119072,
          -0.1719572818440501,
          -0.3717850968943566,
          1.2252350743564964
        ],
        [
          0.2829019879407274,
          0.39191211517664887,
          -0.8754263870805756,
          -3.3227891571934824
        ],
        [
          0.0,
          0.0,
          0.0,
          1.0
        ]
      ]
    },
    {
      "file_path": "./train/DSC05639.jpg",
      "transform_matrix": [
        [
          0.6178538413627718,
          0.20090347614307108,
          -0.7601936753136644,
          -4.475277679185398
        ],
        [
          -0.591760810418999,
          -0.5178164771544489,
          -0.6178067976638049,
          1.0508362432015539
        ],
        [
          -0.5177603441414921,
          0.8315671285356261,
          -0.20104809567239645,
          -3.0758269059275802
        ],
        [
          0.0,
          0.0,
          0.0,
          1.0
        ]
      ]
    },
    {
      "file_path": "./train/DSC05640.jpg",
      "transform_matrix": [
        [
          -0.355382227200198,
          -0.757613942200046,
          0.5474710834138473,
          -3.465308478994814
        ],
        [
          -0.9188732629607995,
          0.17576593562695345,
          -0.35323966720762695,
          1.104786222816549
        ],
        [
          0.17139252960966583,
          -0.6285916404608692,
          -0.7586152848029842,
          -3.3232993749862176
        ],
        [
          0.0,
          0.0,
          0.0,
          1.0
        ]
      ]
    },
    {
      "file_path": "./train/DSC05641.jpg",
      "transform_matrix": [
        [
          -0.12025698904489687,
          -0.9665450000057443,
          0.2265590862220079,
          -3.0602684474665476
        ],
        [
          -0.9842370898848588,
          0.08627017467307517,
          -0.1543852579000381,
          1.0138072046244644
        ],
        [
          0.12967500715573418,
          -0.24155376197810033,
          -0.9616840294989761,
          -3.2196471130170288
        ],
        [
          0.0,
          0.0,
          0.0,
          1.0
        ]
      ]
    },
    {
      "file_path": "./train/DSC05642.jpg",
      "transform_matrix": [
        [
          -0.05283290541390932,
          0.9893275730602368,
          -0.1357926260452552,
          -3.129977315515846
        ],
        [
          -0.614813139489777,
          -0.13938013220468667,
          -0.7762589659754843,
          -1.4652908819589887
        ],
        [
          -0.786901193045384,
          0.042475074212362705,
          0.6156154485183142,
          2.514181759982233
        ],
        [
          0.0,
          0.0,
          0.0,
          1.0
        ]
      ]
    },
    {
      "file_path": "./train/DSC05643.jpg",
      "transform_matrix": [
        [
          0.5746851178933388,
          -0.07760785187671929,
          -0.8146864652116176,
          -3.1982855442807585
        ],
        [
          -0.7639648622030399,
          -0.40779793691244387,
          -0.5000585285434542,
          -1.975917531089793
        ],
        [
          -0.29341899153089845,
          0.9097680275636397,
          -0.29364507731605993,
          2.6145398614736033
        ],
        [
          0.0,
          0.0,
          0.0,
          1.0
        ]
      ]
    },
    {
      "file_path": "./train/DSC05646.jpg",
      "transform_matrix": [
        [
          0.544667183337944,
          0.19237707494919873,
          -0.8162896057335906,
          -0.9694254265708313
        ],
        [
          -0.3573604266200341,
          0.9337856793408756,
          -0.01838016713326696,
          -0.9736336289314957
        ],
        [
          0.7587036212386611,
          0.30172067561221255,
          0.5773503693836634,
          -1.1508650927246267
        ],
        [
          0.0,
          0.0,
          0.0,
          1.0
        ]
      ]
    },
    {
      "file_path": "./train/DSC05647.jpg",
      "transform_matrix": [
        [
          0.0014821735195362892,
          -0.179238953367935,
          -0.9838044524991869,
          -0.7567421781577222
        ],
        [
          0.40008438747111535,
          -0.9015299504307014,
          0.16485215005658732,
          -1.1147541994441075
        ],
        [
          -0.916477106131692,
          -0.39384914126094567,
          0.0703744830495768,
          -0.8004167581912991
        ],
        [
          0.0,
          0.0,
          0.0,
          1.0
        ]
      ]
    },
    {
      "file_path": "./train/DSC05648.jpg",
      "transform_matrix": [
        [
          0.7459557425973173,
          -0.10649318275660036,
          -0.6574262179989888,
          -0.6659720502146296
        ],
        [
          0.2730478859595818,
          -0.8514541512946151,
          0.4477395227318781,
          -1.1157842009848817
        ],
        [
          -0.6074494893067967,
          -0.5135027071686536,
          -0.6060693752957459,
          -0.8433563632679906
        ],
        [
          0.0,
          0.0,
          0.0,
          1.0
        ]
      ]
    },
    {
      "file_path": "./train/DSC05649.jpg",
      "transform_matrix": [
        [
          0.9994068326198279,
          -0.005131859226232281,
          -0.03405358914542617,
          -0.9957352068735533
        ],
        [
          0.014663694040838077,
          -0.8313018402170369,
          0.5556277769593999,
          -1.2119326453796964
        ],
        [
          -0.031160214856127726,
          -0.555797548098811,
          -0.8307334870687889,
          -0.6560700265773068
        ],
        [
          0.0,
          0.0,
          0.0,
          1.0
        ]
      ]
    },
    {
      "file_path": "./train/DSC05650.jpg",
      "transform_matrix": [
        [
          0.7319622484947315,
          0.1914920078741952,
          0.6538823118106545,
          -0.7143675742355118
        ],
        [
          -0.25228555848461276,
          -0.8153076480662432,
          0.5211769718481409,
          -1.3391860479619364
        ],
        [
          0.632916474551456,
          -0.5464469323960014,
          -0.5484637511416375,
          -0.5098913561456193
        ],
        [
          0.0,
          0.0,
          0.0,
          1.0
        ]
      ]
    },
    {
      "file_path": "./train/DSC05651.jpg",
      "transform_matrix": [
        [
          -0.016722867560269708,
          0.21502862023610422,
          0.9764645606369535,
          -0.7176864858411817
        ],
        [
          -0.40520013652966713,
          -0.8942690344133708,
          0.189988798211148,
          -1.2688411406799585
        ],
        [
          0.9140750489193438,
          -0.39248641577605514,
          0.10208436890320052,
          -0.6057445048322535
        ],
        [
          0.0,
          0.0,
          0.0,
          1.0
        ]
      ]
    },
    {
      "file_path": "./train/DSC05654.jpg",
      "transform_matrix": [
        [
          -0.9981062250147792,
          0.02575669180122939,
          0.05586194065912322,
          -1.0761796780900559
        ],
        [
          -0.02735108178881623,
          -0.9992345811965965,
          -0.027967303513996993,
          -1.2536203837998632
        ],
        [
          0.055098837662226646,
          -0.029442224242047788,
          0.9980467291264236,
          -0.7624285992184582
        ],
        [
          0.0,
          0.0,
          0.0,
          1.0
        ]
      ]
    },
    {
      "file_path": "./train/DSC05656.jpg",
      "transform_matrix": [
        [
          -0.7465302546468633,
          -0.07441547608987606,
          -0.6611769171826907,
          -0.4918279167239997
        ],
        [
          0.24540656118788778,
          -0.9544580843073415,
          -0.1696625622413361,
          -1.1248526994423187
        ],
        [
          -0.6184401334186075,
          -0.28891538937667693,
          0.7307938828140929,
          -0.6904117290689191
        ],
        [
          0.0,
          0.0,
          0.0,
          1.0
        ]
      ]
    },
    {
      "file_path": "./train/DSC05657.jpg",
      "transform_matrix": [
        [
          -0.9989576757346571,
          -0.04520856037846801,
          -0.006304614129200741,
          -0.9248780902308597
        ],
        [
          0.042335283394847996,
          -0.8659789056208788,
          -0.49828531866747106,
          -0.5179148200462295
        ],
        [
          0.017067099070715346,
          -0.4980328514146147,
          0.8669901920097706,
          -0.7200007170720527
        ],
        [
          0.0,
          0.0,
          0.0,
          1.0
        ]
      ]
    },
    {
      "file_path": "./train/DSC05658.jpg",
      "transform_matrix": [
        [
          -0.022441622872267513,
          0.16760451376114072,
          -0.9855988537583383,
          -0.4491072761761988
        ],
        [
          0.42769437572077407,
          -0.8894705293329707,
          -0.16099595779069262,
          -0.3494393329842305
        ],
        [
          -0.9036447833854164,
          -0.4251480970379814,
          -0.05172234570576833,
          -0.48469677719974635
        ],
        [
          0.0,
          0.0,
          0.0,
          1.0
        ]
      ]
    },
    {
      "file_path": "./train/DSC05659.jpg",
      "transform_matrix": [
        [
          0.6728825321959881,
          0.15720967778648867,
          -0.7228514474466958,
          -0.42781048101405295
        ],
        [
          0.3210699134012988,
          -0.9423869706307174,
          0.09391969066144618,
          -0.5833163634070673
        ],
        [
          -0.6664407014686282,
          -0.29528277090905203,
          -0.6845910287392574,
          -0.05834431014892346
        ],
        [
          0.0,
          0.0,
          0.0,
          1.0
        ]
      ]
    },
    {
      "file_path": "./train/DSC05660.jpg",
      "transform_matrix": [
        [
          0.9980682372280457,
          0.015488456357091653,
          0.06016561772454302,
          -0.49272315542351885
        ],
        [
          0.0038525256359259667,
          -0.981991447777376,
          0.18888608878982416,
          -0.5682218181352939
        ],
        [
          0.06200767599842708,
          -0.18828941609067487,
          -0.9801541429313588,
          -0.08855569869394776
        ],
        [
          0.0,
          0.0,
          0.0,
          1.0
        ]
      ]
    },
    {
      "file_path": "./train/DSC05663.jpg",
      "transform_matrix": [
        [
          -0.7338892817018302,
          -0.43242659484290835,
