{
  "camera_angle_x": 0.9124817705081167,
  "camera_angle_y": 0.6318617031310788,
  "w": 3114,
  "h": 2075,
  "frames": [
    {
      "file_path": "./train/DSCF4669.JPG",
      "transform_matrix": [
        [
          0.8546741614884631,
          0.17475636100462333,
          -0.48886837898601515,
          -2.29265019821017
        ],
        [
          0.19898592972892568,
          -0.9799993085495979,
          -0.0024402893731384485,
          1.8833384946258682
        ],
        [
          -0.47951712946870567,
          -0.09519227663382875,
          -0.8723541442644503,
          -3.3282985760536214
        ],
        [
          0.0,
          0.0,
          0.0,
          1.0
        ]
      ]
    },
    {
      "file_path": "./train/DSCF4670.JPG",
      "transform_matrix": [
        [
          0.8983847060967688,
          0.15964143525720803,
          -0.40916931947598517,
          -2.119956218086036
        ],
        [
          0.17874295957845956,
          -0.9838582926315346,
          0.008591531952734733,
          1.9703582403581046
        ],
        [
          -0.40119306356485696,
          -0.08085463604012043,
          -0.9124180256758763,
          -3.5275033330582337
        ],
        [
          0.0,
          0.0,
          0.0,
          1.0
        ]
      ]
    },
    {
      "file_path": "./train/DSCF4671.JPG",
      "transform_matrix": [
        [
          0.9224234062623801,
          0.13836859265871554,
          -0.36054013943658836,
          -1.8881294356109244
        ],
        [
          0.1551771094377903,
          -0.9877237087068319,
          0.017942685555772855,
          2.0807500577536153
        ],
        [
          -0.3536313395131154,
          -0.07249832980191848,
          -0.9325711060772214,
          -3.731026031867613
        ],
        [
          0.0,
          0.0,
          0.0,
          1.0
        ]
      ]
    },
    {
      "file_path": "./train/DSCF4672.JPG",
      "transform_matrix": [
        [
          0.9412372462378259,
          0.1326093476038488,
          -0.31062389995413436,
          -1.6525437114860837
        ],
        [
          0.13634759032006247,
          -0.9906130618522895,
          -0.009751733258489326,
          2.139931306212942
        ],
        [
          -0.3090012636034793,
          -0.03317412569630008,
          -0.9504828754247701,
          -3.848257761552049
        ],
        [
          0.0,
          0.0,
          0.0,
          1.0
        ]
      ]
    },
    {
      "file_path": "./train/DSCF4673.JPG",
      "transform_matrix": [
        [
          0.9549701530961892,
          0.13418621474162637,
          -0.26462438751701467,
          -1.3899923673833474
        ],
        [
          0.13693742106084753,
          -0.9905464876803229,
          -0.008111624829826561,
          2.141177951286892
        ],
        [
          -0.26321122584085416,
          -0.028490621570788004,
          -0.9643174451776059,
          -3.8676247128062053
        ],
        [
          0.0,
          0.0,
          0.0,
          1.0
        ]
      ]
    },
    {
      "file_path": "./train/DSCF4674.JPG",
      "transform_matrix": [
        [
          0.9714513401111715,
          0.10360540670912666,
          -0.213420274334107,
          -1.1427953724305937
        ],
        [
          0.10471223937020194,
          -0.9944835901139903,
          -0.006142956948108718,
          2.1132567596213576
        ],
        [
          -0.2128794041759009,
          -0.016380131093041737,
          -0.976941170482178,
          -3.8754544647218823
        ],
        [
          0.0,
          0.0,
          0.0,
          1.0
        ]
      ]
    },
    {
      "file_path": "./train/DSCF4677.JPG",
      "transform_matrix": [
        [
          0.998714624248646,
          -0.0020332956648644943,
          -0.050645483714002015,
          -0.35204735743359256
        ],
        [
          -0.002186158725112177,
          -0.9999932203993803,
          -0.002963083749259814,
          2.1921271170872734
        ],
        [
          -0.050639115532507245,
          0.0030699941393681762,
          -0.9987122984694187,
          -4.123114850220809
        ],
        [
          0.0,
          0.0,
          0.0,
          1.0
        ]
      ]
    },
    {
      "file_path": "./train/DSCF4678.JPG",
      "transform_matrix": [
        [
          0.9998224252707559,
          -0.018787666006592464,
          0.0014633973241302933,
          -0.05610766810513665
        ],
        [
          -0.018782020240146063,
          -0.99981645437768,
          -0.003780644302713257,
          2.215144312951777
        ],
        [
          0.0015341582064068375,
          0.0037524873976636443,
          -0.999991782564701,
          -4.168249662759288
        ],
        [
          0.0,
          0.0,
          0.0,
          1.0
        ]
      ]
    },
    {
      "file_path": "./train/DSCF4679.JPG",
      "transform_matrix": [
        [
          0.997860514138805,
          -0.048746196264311065,
          0.04356836779592411,
          0.22753799056171115
        ],
        [
          -0.047935924179321424,
          -0.9986609578008063,
          -0.019453496792363443,
          2.215331013162969
        ],
        [
          0.044458311885563054,
          0.01732338633574317,
          -0.9988610307696204,
          -4.132903381044603
        ],
        [
          0.0,
          0.0,
          0.0,
          1.0
        ]
      ]
    },
    {
      "file_path": "./train/DSCF4680.JPG",
      "transform_matrix": [
        [
          0.9949587863014714,
          -0.07389874469576294,
          0.06779372459080149,
          0.4854185258708231
        ],
        [
          -0.07174964235648207,
          -0.9968562653380791,
          -0.033609151699116296,
          2.1778539746800107
        ],
        [
          0.07006427322979883,
          0.028575545289770927,
          -0.9971331083803067,
          -4.134755655527471
        ],
        [
          0.0,
          0.0,
          0.0,
          1.0
        ]
      ]
    },
    {
      "file_path": "./train/DSCF4681.JPG",
      "transform_matrix": [
        [
          0.9873211635564338,
          -0.09292763084345396,
          0.1286910075311883,
          0.6987199144891321
        ],
        [
          -0.09193736588412016,
          -0.995671543117914,
          -0.013627141280602223,
          2.165995719585329
        ],
        [
          0.12940031200835272,
          0.0016228527397211718,
          -0.991591108068808,
          -4.1722108097815855
        ],
        [
          0.0,
          0.0,
          0.0,
          1.0
        ]
      ]
    },
    {
      "file_path": "./train/DSCF4682.JPG",
      "transform_matrix": [
        [
          0.966778676131264,
          -0.15449248638960633,
          0.20364445248284568,
          0.980214760892479
        ],
        [
          -0.15553525699748136,
          -0.9877693844553016,
          -0.010973921975398808,
          2.181745738828907
        ],
        [
          0.20284914396814227,
          -0.021064538493686943,
          -0.978983406401477,
          -4.221445210824919
        ],
        [
          0.0,
          0.0,
          0.0,
          1.0
        ]
      ]
    },
    {
      "file_path": "./train/DSCF4685.JPG",
      "transform_matrix": [
        [
          0.9338119572109935,
          -0.17110714109753034,
          0.3141935308614795,
          1.6439881519849204
        ],
        [
          -0.1810669422675735,
          -0.9834674430103179,
          0.0025594836624866935,
          2.1335867181012165
        ],
        [
          0.3085611624745487,
          -0.05928013836165687,
          -0.9493555046494321,
          -4.314460828904255
        ],
        [
          0.0,
          0.0,
          0.0,
          1.0
        ]
      ]
    },
    {
      "file_path": "./train/DSCF4686.JPG",
      "transform_matrix": [
        [
          0.9191479322756243,
          -0.21441272554463103,
          0.33044555030741024,
          1.739490493440111
        ],
        [
          -0.21799252081862938,
          -0.9755861513179269,
          -0.026663124794638008,
          2.06982813715312
        ],
        [
          0.3280950159032957,
          -0.04752730248181313,
          -0.9434483642776736,
          -4.228327787789438
        ],
        [
          0.0,
          0.0,
          0.0,
          1.0
        ]
      ]
    },
    {
      "file_path": "./train/DSCF4687.JPG",
      "transform_matrix": [
        [
          -0.9162424882850275,
          -0.24333724570897963,
          0.31825569517610974,
          2.7138227847127743
        ],
        [
          -0.14719699196696742,
          -0.5343591198813347,
          -0.832342103077528,
          -1.2695152917584938
        ],
        [
          0.3726026680220335,
          -0.8094734806344265,
          0.45378401903598253,
          2.6971393259508845
        ],
        [
          0.0,
          0.0,
          0.0,
          1.0
        ]
      ]
    },
    {
      "file_path": "./train/DSCF4688.JPG",
      "transform_matrix": [
        [
          -0.9251999625866383,
          -0.20752682405309772,
          0.3177068562812553,
          2.6955345999080835
        ],
        [
          -0.14639614962220754,
          -0.5772159363203151,
          -0.8033616434916807,
          -1.2962714595452611
        ],
        [
          0.35010455096367393,
          -0.789781222970195,
          0.5036590347032683,
          2.77222409050086
        ],
        [
          0.0,
          0.0,
          0.0,
          1.0
        ]
      ]
    },
    {
      "file_path": "./train/DSCF4689.JPG",
      "transform_matrix": [
        [
          -0.932265971084526,
          -0.20140651628157016,
          0.30052549701671927,
          2.5743752376069717
        ],
        [
          -0.1288392213096025,
          -0.5913995683352609,
          -0.7960194756569728,
          -1.337623381124028
        ],
        [
          0.3380541586937806,
          -0.780821340494859,
          0.5253926341486441,
          2.854542101877961
        ],
        [
          0.0,
          0.0,
          0.0,
          1.0
        ]
      ]
    },
    {
      "file_path": "./train/DSCF4690.JPG",
      "transform_matrix": [
        [
          -0.9416447513246047,
          -0.19565529750705074,
          0.2739053976471641,
          2.3844082484436004
        ],
        [
          -0.11461527348235413,
          -0.5787289029941962,
          -0.8074256596886796,
          -1.3801335340071257
        ],
        [
          0.3164940779657477,
          -0.7917018765902741,
          0.5225319485122892,
          2.950553017449696
        ],
        [
          0.0,
          0.0,
          0.0,
          1.0
        ]
      ]
    },
    {
      "file_path": "./train/DSCF4693.JPG",
      "transform_matrix": [
        [
          -0.9713248041870376,
          -0.13787765028655016,
          0.19369532343986018,
          1.6056196622287238
        ],
        [
          -0.0913324326842997,
          -0.535791399198972,
          -0.8393961897008917,
          -1.485904680254283
        ],
        [
          0.21951426265958246,
          -0.8330170046858992,
          0.5078347746985744,
          3.1940157579759214
        ],
        [
          0.0,
          0.0,
          0.0,
          1.0
        ]
      ]
    },
    {
      "file_path": "./train/DSCF4694.JPG",
      "transform_matrix": [
        [
          -0.9757913039344855,
          -0.08814776600325235,
          0.20015319761240874,
          1.327298578411358
        ],
        [
          -0.12444976538535216,
          -0.5287705067698892,
          -0.839591571578613,
          -1.529069546354331
        ],
        [
          0.17984322912294157,
          -0.8441751728870913,
          0.504999693484741,
          3.251955436916175
        ],
        [
          0.0,
          0.0,
          0.0,
          1.0
        ]
      ]
    },
    {
      "file_path": "./train/DSCF4695.JPG",
      "transform_matrix": [
        [
          -0.9723805751317293,
          -0.12341219462052949,
          0.1981046373143032,
          1.0888552569297059
        ],
        [
          -0.10230910078612086,
          -0.5375118130863288,
          -0.8370268207703877,
          -1.5647527907428942
        ],
        [
          0.20978289969113884,
          -0.8341765286865795,
          0.5100398552913148,
          3.296648407968794
        ],
        [
          0.0,
          0.0,
          0.0,
          1.0
        ]
      ]
    },
    {
      "file_path": "./train/DSCF4696.JPG",
      "transform_matrix": [
        [
          -0.9625125672395847,
          -0.12891282844128107,
          0.23864417145434919,
          0.9860887469555886
        ],
        [
          -0.1298064641280432,
          -0.5536108884368175,
          -0.8225966606270492,
          -1.5920359027753377
        ],
        [
          0.23815927396689598,
          -0.8227371797041059,
          0.5161237190404009,
          3.307802822507038
        ],
        [
          0.0,
          0.0,
          0.0,
          1.0
        ]
      ]
    },
    {
      "file_path": "./train/DSCF4697.JPG",
      "transform_matrix": [
        [
          -0.9534621268386702,
          -0.05288305052639238,
          0.2968389389067776,
          1.0997809973630492
        ],
        [
          -0.19550481283347085,
          -0.6410536604984539,
          -0.7421779251099309,
          -1.6639885108301957
        ],
        [
          0.22953832107782826,
          -0.7656719841606822,
          0.6008814956613453,
          3.266550561891986
        ],
        [
          0.0,
          0.0,
          0.0,
          1.0
        ]
      ]
    },
    {
      "file_path": "./train/DSCF4698.JPG",
      "transform_matrix": [
        [
          -0.9467531565161995,
          -0.008602146563181761,
          0.3218454034177254,
          1.293767421402735
        ],
        [
          -0.21854238258157133,
          -0.7169032159831238,
          -0.6620339915205448,
          -1.7349473691599444
        ],
        [
          0.23642691818442113,
          -0.6971196324789314,
          0.6768504490434036,
          3.192901869375044
        ],
        [
          0.0,
          0.0,
          0.0,
          1.0
        ]
      ]
    },
    {
      "file_path": "./train/DSCF4701.JPG",
      "transform_matrix": [
        [
          -0.94410808418759,
          -0.0696609489743525,
          0.32219136791607306,
          2.0245574270044884
        ],
        [
          -0.15320313985620007,
          -0.772709514184685,
          -0.615994159571882,
          -1.757341606409614
        ],
        [
          0.291871073095364,
          -0.630925795063461,
          0.7188490229621928,
          2.9817658893610015
        ],
        [
          0.0,
          0.0,
          0.0,
          1.0
        ]
      ]
    },
    {
      "file_path": "./train/DSCF4702.JPG",
      "transform_matrix": [
        [
          -0.9348070231868146,
          -0.12226712284569949,
          0.3334465175581232,
          2.255046893926144
        ],
        [
          -0.13164402712448978,
          -0.7527066708873884,
          -0.6450600884600373,
          -1.7131827944999631
        ],
        [
          0.32985705922876923,
          -0.6469029434719393,
          0.6875397459087641,
          2.9267275511584656
        ],
        [
          0.0,
          0.0,
          0.0,
          1.0
        ]
      ]
    },
    {
      "file_path": "./train/DSCF4703.JPG",
      "transform_matrix": [
        [
          -0.9235167796358219,
          -0.1582584750257201,
          0.34938662369016604,
          2.4480465370676834
        ],
        [
          -0.11435840839541263,
          -0.7558696542146066,
          -0.6446574441257612,
          -1.7029121675634111
        ],
        [
          0.3661132504572161,
          -0.6353072649671374,
          0.6799601215656893,
          2.8784730436892425
        ],
        [
          0.0,
          0.0,
          0.0,
          1.0
        ]
      ]
    },
    {
      "file_path": "./train/DSCF4704.JPG",
      "transform_matrix": [
        [
          -0.9127349135774804,
          -0.16923130852212176,
          0.3718544631338996,
          2.626316947965233
        ],
        [
          -0.12633850859195836,
          -0.7486505546313766,
          -0.6508155870113222,
          -1.693536634801994
        ],
        [
          0.3885274234638656,
          -0.6410016468512564,
          0.6619390681554518,
          2.830075336485573
        ],
        [
          0.0,
          0.0,
          0.0,
          1.0
        ]
      ]
    },
    {
      "file_path": "./train/DSCF4705.JPG",
      "transform_matrix": [
        [
          -0.9048765299332696,
          -0.21329806593168954,
          0.36837806754165636,
          2.7974994845902175
        ],
        [
          -0.10001355464812704,
          -0.7346416898065294,
          -0.6710431256520352,
          -1.6325956543730278
        ],
        [
          0.41375808688480115,
          -0.6440539749648375,
          0.643427325243047,
          2.768055970498252
        ],
        [
          0.0,
          0.0,
          0.0,
          1.0
        ]
      ]
    },
    {
      "file_path": "./train/DSCF4706.JPG",
      "transform_matrix": [
        [
          -0.9031242144420405,
          -0.2277573364740971,
          0.3639962210939447,
          2.908003185366989
        ],
        [
          -0.08779177031343294,
          -0.7318706836433554,
          -0.6757646835168595,
          -1.5461639530707043
        ],
        [
          0.42030852757668447,
          -0.6422553215860752,
          0.640974916467631,
          2.7709848030227424
        ],
        [
          0.0,
          0.0,
          0.0,
          1.0
        ]
      ]
    },
    {
      "file_path": "./train/DSCF4709.JPG",
      "transform_matrix": [
        [
          -0.9208061278603061,
          -0.1925950493152539,
          0.33915073621350944,
          2.7796376328004286
        ],
        [
          -0.14059392873781804,
          -0.6471982417534431,
          -0.7492448085060832,
          -1.3781195035289906
        ],
        [
          0.3637986010101962,
          -0.7375917453785034,
          0.568866412308301,
          3.0733395946861344
        ],
        [
          0.0,
          0.0,
          0.0,
          1.0
        ]
      ]
    },
    {
      "file_path": "./train/DSCF4710.JPG",
      "transform_matrix": [
        [
          -0.9348329670033111,
          -0.15994218711913002,
          0.3170265297783999,
          2.6698888616269856
        ],
        [
          -0.15999780806941127,
          -0.607310641851111,
          -0.7781866650793852,
          -1.377115316957443
        ],
        [
          0.3169984624832892,
          -0.77819809886297,
          0.5421436098574709,
          3.191299927943571
        ],
        [
          0.0,
          0.0,
          0.0,
          1.0
        ]
      ]
    },
    {
      "file_path": "./train/DSCF4711.JPG",
      "transform_matrix": [
        [
          -0.9527138769674544,
          -0.12735192197322942,
          0.27589446642396775,
          2.489389393078357
        ],
        [
          -0.15616160338772653,
          -0.5736732484615112,
          -0.8040600460332497,
          -1.394284769665088
        ],
        [
          0.26067186703021056,
          -0.8091232860135354,
          0.5266589843244317,
          3.301969422340133
        ],
        [
          0.0,
          0.0,
          0.0,
          1.0
        ]
      ]
    },
    {
      "file_path": "./train/DSCF4712.JPG",
      "transform_matrix": [
        [
          -0.950298941250633,
          -0.1303296173698398,
          0.2827474369364964,
          2.2803670821116264
        ],
        [
          -0.17231608046989272,
          -0.536212623353329,
          -0.8263069592881538,
          -1.4214867870158623
        ],
        [
          0.2593050147402095,
          -0.8339605586553673,
          0.48710439942358147,
          3.3912824926138216
        ],
        [
          0.0,
          0.0,
          0.0,
          1.0
        ]
      ]
    },
    {
      "file_path": "./train/DSCF4713.JPG",
      "transform_matrix": [
        [
          -0.9513480365653144,
          -0.1354488826439589,
          0.2767499114974082,
          2.0866844177686015
        ],
        [
          -0.16806062540610203,
          -0.5247090277590372,
          -0.8345274485457478,
          -1.4541321633301107
        ],
        [
          0.2582489874354401,
          -0.8404368128411966,
          0.47641727939895345,
          3.448386611257577
        ],
        [
          0.0,
          0.0,
          0.0,
          1.0
        ]
      ]
    },
    {
      "file_path": "./train/DSCF4714.JPG",
      "transform_matrix": [
        [
          -0.9390135128603648,
          -0.149320375127731,
          0.30976934683301127,
          1.9003121604540039
        ],
        [
          -0.18325634529841245,
          -0.5449502250347639,
          -0.8181970203700505,
          -1.5026134825306137
        ],
        [
          0.29098236127556903,
          -0.825065256695659,
          0.4843517189194438,
          3.477504834926553
        ],
        [
          0.0,
          0.0,
          0.0,
          1.0
        ]
      ]
    },
    {
      "file_path": "./train/DSCF4717.JPG",
      "transform_matrix": [
        [
          -0.8741592278387224,
          -0.0926163135776416,
          0.47672619273928724,
          1.4197753661476538
        ],
        [
          -0.28305339473504465,
          -0.7005013020793273,
          -0.6551173188934436,
          -1.7485430795889991
        ],
        [
          0.39462186978597,
          -0.7076158168416354,
          0.5861343153596873,
          3.515957197811002
        ],
        [
          0.0,
          0.0,
          0.0,
          1.0
        ]
      ]
    },
    {
      "file_path": "./train/DSCF4718.JPG",
      "transform_matrix": [
        [
          -0.8758886465063997,
          -0.07179989472959317,
          0.4771413354950567,
          1.2888986238325455
        ],
        [
          -0.27816045950776763,
          -0.7328761437507078,
          -0.6209020185886978,
          -1.84103272209486
        ],
        [
          0.39426620155374015,
          -0.676562881806201,
          0.6219460018960441,
          3.499564144649772
        ],
        [
          0.0,
          0.0,
          0.0,
          1.0
        ]
      ]
    },
    {
      "file_path": "./train/DSCF4719.JPG",
      "transform_matrix": [
        [
          -0.8823279826593782,
          -0.041478736115183414,
          0.46880363209612447,
          1.2377807674012307
        ],
        [
          -0.263434037848468,
          -0.7819155179073142,
          -0.5649872835370621,
          -1.9026105871908408
        ],
        [
          0.38999979322953915,
          -0.622002923872568,
          0.6789790305855494,
          3.4487331664305314
        ],
        [
          0.0,
          0.0,
          0.0,
          1.0
        ]
      ]
    },
    {
      "file_path": "./train/DSCF4720.JPG",
      "transform_matrix": [
        [
          -0.930353269695128,
          -0.05339661259877629,
          0.3627555586487402,
          1.3183586484859753
        ],
        [
          -0.18307777679573273,
          -0.7895403193317737,
          -0.5857547368933627,
          -1.9226363133060167
        ],
        [
          0.31768745837869544,
          -0.6113713159058551,
          0.7247756845234442,
          3.3724374669748785
        ],
        [
          0.0,
          0.0,
          0.0,
          1.0
        ]
      ]
    },
    {
      "file_path": "./train/DSCF4721.JPG",
      "transform_matrix": [
        [
          -0.9519957230519952,
          -0.056426655096818996,
          0.30086571071707785,
          1.4505181324483702
        ],
        [
          -0.13848050410767251,
          -0.797152711767651,
          -0.5876824857893632,
          -1.9321773985532429
        ],
        [
          0.2729968741080979,
          -0.6011352482728531,
          0.7510719805791863,
          3.3015900527754654
        ],
        [
          0.0,
          0.0,
          0.0,
          1.0
        ]
      ]
    },
    {
      "file_path": "./train/DSCF4722.JPG",
      "transform_matrix": [
        [
          -0.9501148659179525,
          -0.06543075104136824,
          0.30495992913803244,
          1.622708679614402
        ],
        [
          -0.13101069757074593,
          -0.803591124460346,
          -0.580583759513288,
          -1.9305116088405383
        ],
        [
          0.28305112379875447,
          -0.5915742738716072,
          0.754931745132991,
          3.2305843760186854
        ],
        [
          0.0,
          0.0,
          0.0,
          1.0
        ]
      ]
    },
    {
      "file_path": "./train/DSCF4725.JPG",
      "transform_matrix": [
        [
          -0.949534029017563,
          -0.16254672673205658,
          0.2682604878963114,
          2.373969146178636
        ],
        [
          -0.0687061687607365,
          -0.7266939755615851,
          -0.6835168822031533,
          -1.8993892315878482
        ],
        [
          0.3060467123036843,
          -0.667453689413125,
          0.6788526956394244,
          2.980931391798475
        ],
        [
          0.0,
          0.0,
          0.0,
          1.0
        ]
      ]
    },
    {
      "file_path": "./train/DSCF4726.JPG",
      "transform_matrix": [
        [
          -0.9560645217716073,
          -0.17253743816848122,
          0.2370051953858503,
          2.57023405700836
        ],
        [
          -0.05480531693293015,
          -0.689011732819028,
          -0.7226750371180684,
          -1.9485829306016194
        ],
        [
          0.2879878598925807,
          -0.7039131086064373,
          0.6492837038510311,
          2.9043534715972346
        ],
        [
          0.0,
          0.0,
          0.0,
          1.0
        ]
      ]
    },
    {
      "file_path": "./train/DSCF4727.JPG",
      "transform_matrix": [
        [
          -0.9609273076502418,
          -0.15767973812006414,
          0.2274990320824342,
          2.7078363677497457
        ],
        [
          -0.05899714356043056,
          -0.6863306703239672,
          -0.7248927838131398,
          -2.038971135945645
        ],
        [
          0.27044046750397094,
          -0.7099910641402761,
          0.650211229045755,
          2.856823880025682
        ],
        [
          0.0,
          0.0,
          0.0,
          1.0
        ]
      ]
    },
    {
      "file_path": "./train/DSCF4728.JPG",
      "transform_matrix": [
        [
          -0.9692055422444671,
          -0.14630000179242478,
          0.1980831299180866,
          2.758058888170517
        ],
        [
          -0.05339553245576875,
          -0.6603972258180566,
          -0.7490156348472171,
          -2.1496291226969464
        ],
        [
          0.24039453819996415,
          -0.7365268587141622,
          0.632248884851745,
          2.8010032626745827
        ],
        [
          0.0,
          0.0,
          0.0,
          1.0
        ]
      ]
    },
    {
      "file_path": "./train/DSCF4729.JPG",
      "transform_matrix": [
        [
          -0.9737092079986805,
          -0.13889174752283343,
          0.1805532074725762,
          2.6052891661589035
        ],
        [
          -0.04869667597713573,
          -0.6473747267782504,
          -0.76061461784373,
          -2.2510833251886404
        ],
        [
          0.22252867682022354,
          -0.7494097981737622,
          0.6235911660645947,
          2.7563294637199807
        ],
        [
          0.0,
          0.0,
          0.0,
          1.0
        ]
      ]
    },
    {
      "file_path": "./train/DSCF4730.JPG",
      "transform_matrix": [
        [
          -0.9783066142382689,
          -0.13017086843221454,
          0.1611574185362194,
          2.3568407459169753
        ],
        [
          -0.04122658428900344,
          -0.6400353500643674,
          -0.767238632640357,
          -2.312237822118996
        ],
        [
          0.20301856389383904,
          -0.7572385989102682,
          0.6207843160348829,
          2.78556413515023
        ],
        [
          0.0,
          0.0,
          0.0,
          1.0
        ]
      ]
    },
    {
      "file_path": "./train/DSCF4733.JPG",
      "transform_matrix": [
        [
          -0.9713107568917757,
          -0.07884334425917065,
          0.22436385763387803,
          1.6034415397184798
        ],
        [
          -0.11536865013995339,
          -0.6687707402713645,
          -0.7344629136462754,
          -2.3582618472856853
        ],
        [
          0.20795549550615447,
          -0.7392762839581158,
          0.6404881637203519,
          3.0036019265799103
        ],
        [
          0.0,
          0.0,
          0.0,
          1.0
        ]
      ]
    },
    {
      "file_path": "./train/DSCF4734.JPG",
      "transform_matrix": [
        [
          -0.9751954405307804,
          -0.0032119480405413707,
          0.22132224505856377,
          1.4239862256215485
        ],
        [
          -0.16032936085681457,
          -0.6791205197498852,
          -0.7163028798643012,
          -2.361705311623772
        ],
        [
          0.15260520572779754,
          -0.734019756576368,
          0.6617602648545367,
          3.064976655136837
        ],
        [
          0.0,
          0.0,
          0.0,
          1.0
        ]
      ]
    },
    {
      "file_path": "./train/DSCF4735.JPG",
      "transform_matrix": [
        [
          -0.9774935102856994,
          0.04474117869837712,
          0.20616659350636868,
          1.228175291010526
        ],
        [
          -0.18105951924666877,
          -0.6794876769626074,
          -0.7109950403104963,
          -2.3565302578361225
        ],
        [
          0.10827690353674484,
          -0.7323214620538163,
          0.6722956108557119,
          3.1368469604801192
        ],
        [
          0.0,
          0.0,
          0.0,
          1.0
        ]
      ]
    },
    {
      "file_path": "./train/DSCF4736.JPG",
      "transform_matrix": [
        [
          -0.9754947914294485,
          0.09674890859978108,
          0.19760961661510298,
          1.0384089004353274
        ],
        [
          -0.21078467774927065,
          -0.6684513975662718,
          -0.7132619075191343,
          -2.322988235508865
        ],
        [
          0.06308511330062656,
          -0.7374363550683198,
          0.6724640441714321,
          3.219305302666726
        ],
        [
          0.0,
          0.0,
          0.0,
          1.0
        ]
      ]
    },
    {
      "file_path": "./train/DSCF4737.JPG",
      "transform_matrix": [
        [
          -0.9766981811981021,
          0.07801300095035409,
          0.19993657626116965,
          0.8466009962776484
        ],
        [
          -0.20056882343437862,
          -0.6633012653394645,
          -0.7209740483992569,
          -2.206838142204171
        ],
        [
          0.07637283489872228,
          -0.7442750856247877,
          0.6634921152566524,
          3.351343279768292
        ],
        [
          0.0,
          0.0,
          0.0,
          1.0
        ]
      ]
    },
    {
      "file_path": "./train/DSCF4738.JPG",
      "transform_matrix": [
        [
          -0.9730850912384187,
          0.05843762260076135,
          0.22291354708561362,
          0.7332747204166287
        ],
        [
          -0.20334017012852648,
          -0.6728986683087732,
          -0.7112384673232893,
          -2.076757428928755
        ],
        [
          0.1084351438493121,
          -0.7374228274558977,
          0.6666703781669987,
          3.4839260441306488
        ],
        [
          0.0,
          0.0,
          0.0,
          1.0
        ]
      ]
    },
    {
      "file_path": "./train/DSCF4741.JPG",
      "transform_matrix": [
        [
          -0.9764135429695137,
          0.05608229571163527,
          0.2084978877913008,
          0.8592845613093163
        ],
        [
          -0.19532678339835827,
          -0.6409273920638769,
          -0.7423338371578168,
          -1.7023670631699759
        ],
        [
          0.09200022170066767,
          -0.7655500337730445,
          0.6367645600982498,
          3.755373258009704
        ],
        [
          0.0,
          0.0,
          0.0,
          1.0
        ]
      ]
    },
    {
      "file_path": "./train/DSCF4742.JPG",
      "transform_matrix": [
        [
          -0.9810355387005442,
          0.04292355846200138,
          0.189015448933391,
          0.9795019477279995
        ],
        [
          -0.1781972118344953,
          -0.5833869656016426,
          -0.7924048220830813,
          -1.6055026331893472
        ],
        [
          0.07625631449882828,
          -0.8110593174947606,
          0.5799722045098269,
          3.7615686175127103
        ],
        [
          0.0,
          0.0,
          0.0,
          1.0
        ]
      ]
    },
    {
      "file_path": "./train/DSCF4743.JPG",
      "transform_matrix": [
        [
          -0.9796486922130576,
          0.029267646544555975,
          0.1985745318790614,
          1.1537307837296435
        ],
        [
          -0.17542067772340267,
          -0.6056484932366757,
          -0.7761555826425565,
          -1.5653871004865791
        ],
        [
          0.0975501187713655,
          -0.7951938804504768,
          0.5984569047323334,
          3.7336276912659767
        ],
        [
          0.0,
          0.0,
          0.0,
          1.0
        ]
      ]
    },
    {
      "file_path": "./train/DSCF4744.JPG",
      "transform_matrix": [
        [
          -0.9836634279037165,
          -0.027304214162478822,
          0.17793465231280603,
          1.376010441817354
        ],
        [
          -0.12604109883698006,
          -0.6012624760082153,
          -0.7890482091408845,
          -1.4968894835612978
        ],
        [
          0.12852977090416173,
          -0.7985849452834932,
          0.587998455064198,
          3.7252050176832
        ],
        [
          0.0,
          0.0,
          0.0,
          1.0
        ]
      ]
    },
    {
      "file_path": "./train/DSCF4745.JPG",
      "transform_matrix": [
        [
          -0.973643731414457,
          -0.09721150499189861,
          0.20631967326103823,
          1.6021752120250046
        ],
        [
          -0.11389245205387136,
          -0.576518048342686,
          -0.8091078106780931,
          -1.4516895809805326
        ],
        [
          0.197601603339872,
          -0.8112810013998543,
          0.5502515271447784,
          3.7120456374967334
        ],
        [
          0.0,
          0.0,
          0.0,
          1.0
        ]
      ]
    },
    {
      "file_path": "./train/DSCF4746.JPG",
      "transform_matrix": [
        [
          -0.9562225484578021,
          -0.1531730525834207,
          0.24935206793436412,
          1.8382471983441946
        ],
        [
          -0.11270310208585027,
          -0.5935949269706204,
          -0.7968331528337476,
          -1.4327787290321439
        ],
        [
          0.2700674889746886,
          -0.7900525796660754,
          0.5503457756373592,
          3.6674165114121573
        ],
        [
          0.0,
          0.0,
          0.0,
          1.0
        ]
      ]
    },
    {
      "file_path": "./train/DSCF4749.JPG",
      "transform_matrix": [
        [
          -0.9231336969408659,
          -0.20498664407116565,
          0.32527627230514294,
          2.4777266526989137
        ],
        [
          -0.1519423395109163,
          -0.5826499217127659,
          -0.7983937588634176,
          -1.3466650220804788
        ],
        [
          0.3531822518703872,
          -0.7864474200355346,
          0.5067176259843471,
          3.4637261431206485
        ],
        [
          0.0,
          0.0,
          0.0,
          1.0
        ]
      ]
    },
    {
      "file_path": "./train/DSCF4750.JPG",
      "transform_matrix": [
        [
          -0.9121703744712427,
          -0.18987278923352308,
          0.3631714909594008,
          2.613715452013069
        ],
        [
          -0.18655909835374163,
          -0.5966493659669878,
          -0.780516006826657,
          -1.3334880379684513
        ],
        [
          0.3648847910758011,
          -0.779716524129041,
          0.5088233792208204,
          3.391877141486814
        ],
        [
          0.0,
          0.0,
          0.0,
          1.0
        ]
      ]
    },
    {
      "file_path": "./train/DSCF4751.JPG",
      "transform_matrix": [
        [
          -0.9398341479485095,
          0.1678453191718955,
          -0.2975562521305563,
          -0.5816617675536836
        ],
        [
          0.17233784625876297,
          -0.519112308448665,
          -0.8371511679284624,
          -1.4586504135741367
        ],
        [
          -0.294977017912904,
          -0.8380634582471559,
          0.4589533732897358,
          3.4654051003820534
        ],
        [
          0.0,
          0.0,
          0.0,
          1.0
        ]
      ]
    },
    {
      "file_path": "./train/DSCF4752.JPG",
      "transform_matrix": [
        [
          -0.935026785172601,
          0.1536406433308033,
          -0.3195613614420344,
          -0.4914329248883251
        ],
        [
          0.19732898212272107,
          -0.5233111910962126,
          -0.828979294124934,
          -1.4884727240658593
        ],
        [
          -0.2945949487418284,
          -0.8381765625393971,
          0.45899222889438857,
          3.5121082731913065
        ],
        [
          0.0,
          0.0,
          0.0,
          1.0
        ]
      ]
    },
    {
      "file_path": "./train/DSCF4753.JPG",
      "transform_matrix": [
        [
          -0.9199844223806792,
          0.16353288466456628,
          -0.3562101320992605,
          -0.2858413355722661
        ],
        [
          0.22591414218772082,
          -0.5214228304796487,
          -0.8228493374939166,
          -1.573302679782894
        ],
        [
          -0.32029902112943337,
          -0.8374814788924451,
          0.44275649015643925,
          3.5993426701419198
        ],
        [
          0.0,
          0.0,
          0.0,
          1.0
        ]
      ]
    },
    {
      "file_path": "./train/DSCF4754.JPG",
      "transform_matrix": [
        [
          -0.9262850122810783,
          0.1292418475914803,
          -0.35396697706789354,
          -0.09204244756904596
        ],
        [
          0.23336561795593389,
          -0.5407853904586372,
          -0.8081408601367365,
          -1.6603995852587967
        ],
        [
          -0.2958657877813641,
          -0.8311724888960413,
          0.4707607984134538,
          3.6788266688773623
        ],
        [
          0.0,
          0.0,
          0.0,
          1.0
        ]
      ]
    },
    {
      "file_path": "./train/DSCF4757.JPG",
      "transform_matrix": [
        [
          -0.8996222418376637,
          0.06311890424968312,
          -0.43208312385152875,
          0.5083706451526585
        ],
        [
          0.2954891646446161,
