{
  "camera_angle_x": 1.1431171654164658,
  "camera_angle_y": 0.8006899358019289,
  "w": 1332,
  "h": 876,
  "frames": [
    {
      "file_path": "./train/IMG_6294.jpg",
      "transform_matrix": [
        [
          0.5377154903964225,
          0.6005745540997071,
          0.5917535435936763,
          -1.9077373575135737
        ],
        [
          -0.04001205021698557,
          -0.6828883978941147,
          0.7294261250181836,
          1.6293802107025208
        ],
        [
          0.8421763991143234,
          -0.41590099902446404,
          -0.34316945054197995,
          -2.5531138690502178
        ],
        [
          0.0,
          0.0,
          0.0,
          1.0
        ]
      ]
    },
    {
      "file_path": "./train/IMG_6295.jpg",
      "transform_matrix": [
        [
          0.5493147786693576,
          0.8325610995905667,
          -0.07138129575722961,
          -2.204588739253148
        ],
        [
          0.11595812872770628,
          0.008647490204224353,
          0.9932164584294485,
          1.4181679626357653
        ],
        [
          0.8275306558172956,
          -0.553865720515103,
          -0.09179203299242474,
          -3.5942226861855535
        ],
        [
          0.0,
          0.0,
          0.0,
          1.0
        ]
      ]
    },
    {
      "file_path": "./train/IMG_6296.jpg",
      "transform_matrix": [
        [
          0.5143327916950731,
          0.834737919024503,
          0.19665804313527294,
          -2.3533561955696753
        ],
        [
          -0.03950531556643906,
          -0.20600952158890748,
          0.977752221708908,
          1.3065010554130532
        ],
        [
          0.8566802842537867,
          -0.51065906783034,
          -0.07298086744825358,
          -3.490919434462385
        ],
        [
          0.0,
          0.0,
          0.0,
          1.0
        ]
      ]
    },
    {
      "file_path": "./train/IMG_6298.jpg",
      "transform_matrix": [
        [
          0.5151676954122839,
          0.5210182145472577,
          0.6805455647593216,
          -2.5139493097975705
        ],
        [
          -0.08184783608356373,
          -0.7604847224918323,
          0.6441769311182751,
          1.3914424159686836
        ],
        [
          0.8531724194628155,
          -0.38756032687377656,
          -0.3491329484615525,
          -3.4458340056509424
        ],
        [
          0.0,
          0.0,
          0.0,
          1.0
        ]
      ]
    },
    {
      "file_path": "./train/IMG_6299.jpg",
      "transform_matrix": [
        [
          0.522217138436297,
          0.8528087227144543,
          0.0025578869299167444,
          -2.833133897515694
        ],
        [
          -0.005173054277156341,
          0.0001683905540590227,
          0.9999866054873268,
          1.2868067511491912
        ],
        [
          0.8527968690332132,
          -0.5222233756801412,
          0.004499562243914627,
          -4.685981272607194
        ],
        [
          0.0,
          0.0,
          0.0,
          1.0
        ]
      ]
    },
    {
      "file_path": "./train/IMG_6300.jpg",
      "transform_matrix": [
        [
          0.5041647136665001,
          0.8463301420538314,
          0.1718814479364107,
          -3.1019965097182483
        ],
        [
          0.00652565261109268,
          -0.20275498009557613,
          0.9792077582946541,
          1.2952502851292897
        ],
        [
          0.8635828607328744,
          -0.49256036046111507,
          -0.10774476298568321,
          -4.477242011744072
        ],
        [
          0.0,
          0.0,
          0.0,
          1.0
        ]
      ]
    },
    {
      "file_path": "./train/IMG_6304.jpg",
      "transform_matrix": [
        [
          0.4158110124744116,
          0.9084049018436149,
          0.04360890059949875,
          -3.5633223943667125
        ],
        [
          0.6971769252666484,
          -0.34918120632885535,
          0.6261124659535754,
          1.4534677584903255
        ],
        [
          0.5839910416956294,
          -0.2299413391567893,
          -0.778512327305121,
          -4.967878329675241
        ],
        [
          0.0,
          0.0,
          0.0,
          1.0
        ]
      ]
    },
    {
      "file_path": "./train/IMG_6306.jpg",
      "transform_matrix": [
        [
          0.26821194097721496,
          0.910448224250003,
          0.31487519063471997,
          -3.50819787975651
        ],
        [
          0.845185540142604,
          -0.3792375629796098,
          0.3766168790151884,
          1.546604919705166
        ],
        [
          0.4623026686610078,
          0.16511481394866656,
          -0.8712137170428434,
          -4.991382109954659
        ],
        [
          0.0,
          0.0,
          0.0,
          1.0
        ]
      ]
    },
    {
      "file_path": "./train/IMG_6307.jpg",
      "transform_matrix": [
        [
          0.02844829188104783,
          0.8087861182963652,
          -0.5874144274191335,
          -2.727944207728822
        ],
        [
          0.9980187412822994,
          0.010009923666787116,
          0.06211596797506568,
          0.736017771672682
        ],
        [
          0.05611850620200973,
          -0.5880177006513351,
          -0.8068989385185558,
          -4.839741874822889
        ],
        [
          0.0,
          0.0,
          0.0,
          1.0
        ]
      ]
    },
    {
      "file_path": "./train/IMG_6310.jpg",
      "transform_matrix": [
        [
          0.01783861718948265,
          0.8590197933179341,
          -0.5116314869364288,
          -2.7148180718973007
        ],
        [
          0.9987514750413796,
          0.008571513304750554,
          0.04921402505724135,
          0.0447111466077693
        ],
        [
          0.04666127773042006,
          -0.5118706124087222,
          -0.8577943817214498,
          -4.76247199341971
        ],
        [
          0.0,
          0.0,
          0.0,
          1.0
        ]
      ]
    },
    {
      "file_path": "./train/IMG_6311.jpg",
      "transform_matrix": [
        [
          -0.006774922907835755,
          0.838838438871933,
          -0.5443382899360387,
          -2.9177304233315446
        ],
        [
          0.9998740205095901,
          0.013496518920144557,
          0.00835386659133169,
          0.049553093216468315
        ],
        [
          0.014354216439098014,
          -0.5442131176735235,
          -0.838824200308076,
          -4.629173700507621
        ],
        [
          0.0,
          0.0,
          0.0,
          1.0
        ]
      ]
    },
    {
      "file_path": "./train/IMG_6312.jpg",
      "transform_matrix": [
        [
          -0.002957584067396773,
          0.9974337529062223,
          -0.0715343362301844,
          -3.205614846687112
        ],
        [
          0.9999146767428241,
          0.0020395805970233527,
          -0.012902687521654662,
          0.0550482533930743
        ],
        [
          -0.012723675993104259,
          -0.07156639347065796,
          -0.9973546808406855,
          -4.526944366478255
        ],
        [
          0.0,
          0.0,
          0.0,
          1.0
        ]
      ]
    },
    {
      "file_path": "./train/IMG_6315.jpg",
      "transform_matrix": [
        [
          -0.007935800249610114,
          0.9953123328081299,
          0.09638663410679232,
          -3.230970625421377
        ],
        [
          0.9992136970762585,
          0.01163735591737518,
          -0.03790197254032125,
          -1.3667964974829694
        ],
        [
          -0.038845986273915396,
          0.09601006253143836,
          -0.9946220675428008,
          -4.558353889029161
        ],
        [
          0.0,
          0.0,
          0.0,
          1.0
        ]
      ]
    },
    {
      "file_path": "./train/IMG_6317.jpg",
      "transform_matrix": [
        [
          -0.5830000869778258,
          0.8109461690127745,
          0.04977157368772119,
          -3.184911572404496
        ],
        [
          0.019038289212342994,
          0.07487812378414958,
          -0.9970109378148431,
          -1.1241965365215831
        ],
        [
          -0.8122490025403016,
          -0.5803098978494768,
          -0.059092980380202415,
          -4.977710275638735
        ],
        [
          0.0,
          0.0,
          0.0,
          1.0
        ]
      ]
    },
    {
      "file_path": "./train/IMG_6318.jpg",
      "transform_matrix": [
        [
          -0.5066926011755695,
          0.6785262022998364,
          0.5318503555573655,
          -3.265754731197261
        ],
        [
          -0.07428150215052708,
          0.5802511957091804,
          -0.811043037277509,
          -1.3995513013703502
        ],
        [
          -0.8589207567361472,
          -0.4504561495535687,
          -0.24360704213379536,
          -4.950425410718075
        ],
        [
          0.0,
          0.0,
          0.0,
          1.0
        ]
      ]
    },
    {
      "file_path": "./train/IMG_6319.jpg",
      "transform_matrix": [
        [
          -0.5485061365835482,
          0.8319935361432228,
          -0.08323325024342801,
          -2.537657833796352
        ],
        [
          -0.02010984640966943,
          -0.11264145613574969,
          -0.993432180089309,
          -1.2706568142304795
        ],
        [
          -0.8359046669373064,
          -0.5432298391799859,
          0.07851579214984301,
          -3.6780841532114437
        ],
        [
          0.0,
          0.0,
          0.0,
          1.0
        ]
      ]
    },
    {
      "file_path": "./train/IMG_6320.jpg",
      "transform_matrix": [
        [
          -0.552054506049013,
          0.7792584440901524,
          0.2966346231733142,
          -2.615468644679287
        ],
        [
          -0.04633812710302594,
          0.32653631435153657,
          -0.9440480990851567,
          -1.3366693661303266
        ],
        [
          -0.8325194293994365,
          -0.5349114998987295,
          -0.14415646689804756,
          -3.631288716175879
        ],
        [
          0.0,
          0.0,
          0.0,
          1.0
        ]
      ]
    },
    {
      "file_path": "./train/IMG_6321.jpg",
      "transform_matrix": [
        [
          -0.5279263973880379,
          0.6758313664979771,
          0.5143400460768771,
          -2.696868747123856
        ],
        [
          -0.05773161914262111,
          0.5756538430046056,
          -0.8156529367232119,
          -1.4185268556155284
        ],
        [
          -0.8473256629490571,
          -0.4602984000531671,
          -0.2648860204247024,
          -3.5957837043936975
        ],
        [
          0.0,
          0.0,
          0.0,
          1.0
        ]
      ]
    },
    {
      "file_path": "./train/IMG_6324.jpg",
      "transform_matrix": [
        [
          -0.5498209383064672,
          0.6557816276080802,
          0.5173464919099126,
          -1.9537861953926712
        ],
        [
          -0.007720581158387284,
          0.6153506810118513,
          -0.7882156633846015,
          -1.388731274584077
        ],
        [
          -0.8352468667563938,
          -0.4373716912077735,
          -0.33326967354333226,
          -2.569196426299928
        ],
        [
          0.0,
          0.0,
          0.0,
          1.0
        ]
      ]
    },
    {
      "file_path": "./train/IMG_6325.jpg",
      "transform_matrix": [
        [
          -0.5476816488837091,
          0.8357305264012624,
          -0.03999123300288195,
          -0.861265539103939
        ],
        [
          -0.05197612506462787,
          -0.08168866556606298,
          -0.9953016850891503,
          -1.0134476616254842
        ],
        [
          -0.8350708316659659,
          -0.5430298786983132,
          0.08817741741289056,
          -2.1714225035047257
        ],
        [
          0.0,
          0.0,
          0.0,
          1.0
        ]
      ]
    },
    {
      "file_path": "./train/IMG_6326.jpg",
      "transform_matrix": [
        [
          -0.5802743572495883,
          0.8011861229546013,
          0.14622744852985647,
          -1.262943040647227
        ],
        [
          -0.022433611231098875,
          0.163755415477352,
          -0.9862458603152521,
          -0.9905735478306575
        ],
        [
          -0.8141120336942018,
          -0.5755735924161345,
          -0.07704957045614481,
          -1.9051816885876627
        ],
        [
          0.0,
          0.0,
          0.0,
          1.0
        ]
      ]
    },
    {
      "file_path": "./train/IMG_6329.jpg",
      "transform_matrix": [
        [
          -0.5627243100797645,
          0.8228766189211716,
          0.0788379406004068,
          -0.5257006224777064
        ],
        [
          0.0968582317311286,
          0.16034814148787824,
          -0.9822967761666032,
          -0.9646595007576816
        ],
        [
          -0.8209505672031485,
          -0.54512617214205,
          -0.16993417153293364,
          -0.9158329564708502
        ],
        [
          0.0,
          0.0,
          0.0,
          1.0
        ]
      ]
    },
    {
      "file_path": "./train/IMG_6330.jpg",
      "transform_matrix": [
        [
          -0.5586008250676461,
          0.7027251154292469,
          0.44061608048129236,
          -0.6922527462676081
        ],
        [
          0.07088101084258265,
          0.5697237086806849,
          -0.8187739480888847,
          -0.9323878639523666
        ],
        [
          -0.8264024446573707,
          -0.4261364897683344,
          -0.3680580002557255,
          -0.8321843764027258
        ],
        [
          0.0,
          0.0,
          0.0,
          1.0
        ]
      ]
    },
    {
      "file_path": "./train/IMG_6331.jpg",
      "transform_matrix": [
        [
          -0.49598151766272774,
          0.8650893673025416,
          -0.07498480324082352,
          0.7072874425294202
        ],
        [
          0.035163169386878704,
          -0.06627429587238809,
          -0.9971816631012066,
          -1.0304148917954423
        ],
        [
          -0.8676208190538341,
          -0.49722037798817853,
          0.0024515418915685254,
          0.164681993510444
        ],
        [
          0.0,
          0.0,
          0.0,
          1.0
        ]
      ]
    },
    {
      "file_path": "./train/IMG_6334.jpg",
      "transform_matrix": [
        [
          -0.5310469819515655,
          0.8473229634739256,
          -0.005735724008135018,
          1.3592952271563874
        ],
        [
          -0.010872332107993444,
          -0.013582276805923322,
          -0.9998486456215762,
          -1.4090016760770219
        ],
        [
          -0.8472726216246259,
          -0.5309042449694025,
          0.016425203767433755,
          1.306615974135294
        ],
        [
          0.0,
          0.0,
          0.0,
          1.0
        ]
      ]
    },
    {
      "file_path": "./train/IMG_6335.jpg",
      "transform_matrix": [
        [
          -0.564433428320424,
          0.8112497195158613,
          0.15260667606591766,
          1.0765217892114345
        ],
        [
          0.04239106401312516,
          0.2131125178740015,
          -0.9761076028887583,
          -1.3380745258832154
        ],
        [
          -0.8243894120415951,
          -0.5444786013341929,
          -0.1546775678722477,
          1.4748100930380061
        ],
        [
          0.0,
          0.0,
          0.0,
          1.0
        ]
      ]
    },
    {
      "file_path": "./train/IMG_6336.jpg",
      "transform_matrix": [
        [
          -0.5508227403001542,
          0.6798143638306058,
          0.4841970048418482,
          0.7393235717570651
        ],
        [
          -0.0322149887608774,
          0.5623894831778652,
          -0.8262446754503594,
          -1.4208407531990412
        ],
        [
          -0.8340003017189888,
          -0.47071275735900947,
          -0.28787670414973376,
          1.6528966353572667
        ],
        [
          0.0,
          0.0,
          0.0,
          1.0
        ]
      ]
    },
    {
      "file_path": "./train/IMG_6337.jpg",
      "transform_matrix": [
        [
          -0.5532691362596722,
          0.819421621916576,
          -0.14980476760799147,
          1.580771409823877
        ],
        [
          0.06645418386228888,
          -0.13584554933123258,
          -0.9884987749987819,
          -1.2310859083232786
        ],
        [
          -0.8303475804201957,
          -0.5568610170073891,
          0.020705154619632522,
          2.5716059783601484
        ],
        [
          0.0,
          0.0,
          0.0,
          1.0
        ]
      ]
    },
    {
      "file_path": "./train/IMG_6338.jpg",
      "transform_matrix": [
        [
          -0.5079726615928365,
          0.7911841863642638,
          0.3405750406612427,
          1.6262102398119933
        ],
        [
          -0.04654472498914747,
          0.3695966019690676,
          -0.9280258295912905,
          -1.6265820085211362
        ],
        [
          -0.8601147386540786,
          -0.48726372229013337,
          -0.15091951924780855,
          2.5571575547263543
        ],
        [
          0.0,
          0.0,
          0.0,
          1.0
        ]
      ]
    },
    {
      "file_path": "./train/IMG_6339.jpg",
      "transform_matrix": [
        [
          -0.49949742946123693,
          0.6186897103225539,
          0.6064036282069979,
          1.45769000537924
        ],
        [
          -0.004109803047805617,
          0.6982800587003613,
          -0.715812872991488,
          -1.6028060625961522
        ],
        [
          -0.8663056201367535,
          -0.3600388895139166,
          -0.3462464015077428,
          2.664352457106255
        ],
        [
          0.0,
          0.0,
          0.0,
          1.0
        ]
      ]
    },
    {
      "file_path": "./train/IMG_6342.jpg",
      "transform_matrix": [
        [
          -0.504474812222303,
          0.6758689755783182,
          0.5373139600680287,
          2.016508963421591
        ],
        [
          -0.05304599474127773,
          0.5968680167646544,
          -0.8005839699902422,
          -1.4103780984620593
        ],
        [
          -0.8617953853874947,
          -0.43237680142919704,
          -0.2652527385545271,
          3.6744339461622615
        ],
        [
          0.0,
          0.0,
          0.0,
          1.0
        ]
      ]
    },
    {
      "file_path": "./train/IMG_6343.jpg",
      "transform_matrix": [
        [
          -0.031328956727510016,
          0.8081498548311365,
          0.58814310215013,
          2.761431025986951
        ],
        [
          -0.9994874862829337,
          -0.029202587872133683,
          -0.013113871487553427,
          -1.128594876831259
        ],
        [
          0.006577327282987851,
          -0.5882525146550439,
          0.808650553556868,
          3.520895883285504
        ],
        [
          0.0,
          0.0,
          0.0,
          1.0
        ]
      ]
    },
    {
      "file_path": "./train/IMG_6344.jpg",
      "transform_matrix": [
        [
          -0.024102050741919286,
          0.7565416124317397,
          0.6535012469836741,
          2.4905538970964285
        ],
        [
          -0.9981514980543925,
          -0.05469200583725345,
          0.026502291019261864,
          -1.1585742085606388
        ],
        [
          0.05579137999553093,
          -0.6516544890942445,
          0.7564613332890935,
          3.655063828753344
        ],
        [
          0.0,
          0.0,
          0.0,
          1.0
        ]
      ]
    },
    {
      "file_path": "./train/IMG_6346.jpg",
      "transform_matrix": [
        [
          0.0010486664512779939,
          0.8502676490593271,
          0.5263495276541995,
          2.685864628874788
        ],
        [
          -0.9965477080013053,
          -0.042806624326666785,
          0.07113549459377151,
          0.018387036255418217
        ],
        [
          0.08301545624773037,
          -0.5246070127980376,
          0.8472873869869066,
          3.757074075660057
        ],
        [
          0.0,
          0.0,
          0.0,
          1.0
        ]
      ]
    },
    {
      "file_path": "./train/IMG_6347.jpg",
      "transform_matrix": [
        [
          0.020941509550884915,
          0.6059281532211311,
          0.795243689891193,
          2.5464655270387357
        ],
        [
          -0.9937625784151134,
          -0.07452789136308577,
          0.0829549947303799,
          -0.0017495710629349462
        ],
        [
          0.10953260208483806,
          -0.7920206225490606,
          0.6005879973305519,
          3.8220870436051486
        ],
        [
          0.0,
          0.0,
          0.0,
          1.0
        ]
      ]
    },
    {
      "file_path": "./train/IMG_6348.jpg",
      "transform_matrix": [
        [
          0.024041026800369823,
          0.1745048092705473,
          0.9843627891036076,
          2.426316019613107
        ],
        [
          -0.997461949476511,
          -0.06182315771979931,
          0.035320766074235205,
          0.010704812468674118
        ],
        [
          0.06702005951132772,
          -0.9827135740952204,
          0.17257561505640143,
          4.025638248984267
        ],
        [
          0.0,
          0.0,
          0.0,
          1.0
        ]
      ]
    },
    {
      "file_path": "./train/IMG_6351.jpg",
      "transform_matrix": [
        [
          -0.011335074121754538,
          0.2682685944863464,
          0.9632774664171142,
          2.453173986910157
        ],
        [
          -0.9992454888902823,
          0.03274942581308909,
          -0.020878889849171977,
          1.1800688094504788
        ],
        [
          -0.037147934358120346,
          -0.962787326630982,
          0.2676949656823818,
          4.228338745712571
        ],
        [
          0.0,
          0.0,
          0.0,
          1.0
        ]
      ]
    },
    {
      "file_path": "./train/IMG_6352.jpg",
      "transform_matrix": [
        [
          0.5613407344632747,
          0.8275706339266896,
          0.004840009752928641,
          3.026913244283321
        ],
        [
          -0.043482216516751875,
          0.023652679079411792,
          0.9987741724830275,
          1.9149822002756176
        ],
        [
          0.8264416958739568,
          -0.560863081896592,
          0.049261817733766984,
          3.8798986668943933
        ],
        [
          0.0,
          0.0,
          0.0,
          1.0
        ]
      ]
    },
    {
      "file_path": "./train/IMG_6353.jpg",
      "transform_matrix": [
        [
          0.5322779026348095,
          0.8436428603884112,
          0.07033461795124656,
          2.8272689468880543
        ],
        [
          -0.04674674740131769,
          -0.053664891348383176,
          0.9974641953694193,
          1.9518209807067382
        ],
        [
          0.8452780465468657,
          -0.5342160644834874,
          0.010872923879459763,
          4.026994936655123
        ],
        [
          0.0,
          0.0,
          0.0,
          1.0
        ]
      ]
    },
    {
      "file_path": "./train/IMG_6355.jpg",
      "transform_matrix": [
        [
          0.5359639424819841,
          0.839103819485872,
          -0.0929915721094649,
          1.7798104043052798
        ],
        [
          -0.053053023210680395,
          0.14340607151413487,
          0.988240899467883,
          1.3811798363743892
        ],
        [
          0.8425722693557957,
          -0.5247280045672276,
          0.12137747787592369,
          2.76787736459007
        ],
        [
          0.0,
          0.0,
          0.0,
          1.0
        ]
      ]
    },
    {
      "file_path": "./train/IMG_6356.jpg",
      "transform_matrix": [
        [
          0.528369640326605,
          0.6879748446733593,
          0.4975099358583715,
          1.7874681625200914
        ],
        [
          -0.10544616305080469,
          -0.5282727710020522,
          0.842501623805958,
          1.6599854806370953
        ],
        [
          0.8424408761919124,
          -0.49761279376085193,
          -0.20657898636241417,
          2.7311353135119254
        ],
        [
          0.0,
          0.0,
          0.0,
          1.0
        ]
      ]
    },
    {
      "file_path": "./train/IMG_6357.jpg",
      "transform_matrix": [
        [
          0.5360342560599806,
          0.8439732294957955,
          -0.019402686016642228,
          1.4469654472983446
        ],
        [
          -0.02158046594325684,
          0.03667531011659157,
          0.9990941923149805,
          1.6408750616445436
        ],
        [
          0.8439203515853229,
          -0.5351299931066179,
          0.037872558110270654,
          1.4423606744310782
        ],
        [
          0.0,
          0.0,
          0.0,
          1.0
        ]
      ]
    },
    {
      "file_path": "./train/IMG_6360.jpg",
      "transform_matrix": [
        [
          -0.0063610385831622636,
          0.8359265653392455,
          -0.5488044410792201,
          1.0902530180202639
        ],
        [
          0.9999745167182089,
          0.0035387764884309276,
          -0.00620023992673021,
          1.6056283717933546
        ],
        [
          -0.0032408490133932007,
          -0.5488298957063988,
          -0.8359277734808046,
          1.014879504333094
        ],
        [
          0.0,
          0.0,
          0.0,
          1.0
        ]
      ]
    },
    {
      "file_path": "./train/IMG_6361.jpg",
      "transform_matrix": [
        [
          0.015138628425823059,
          0.9207375318240169,
          -0.38988872697219923,
          0.8676322687615878
        ],
        [
          0.9976308035069092,
          0.012262126298766553,
          0.06769357541740104,
          1.554592962446705
        ],
        [
          0.06710888036275926,
          -0.38998979185262056,
          -0.9183704919188151,
          1.1727337144575434
        ],
        [
          0.0,
          0.0,
          0.0,
          1.0
        ]
      ]
    },
    {
      "file_path": "./train/IMG_6362.jpg",
      "transform_matrix": [
        [
          -0.02278111158356248,
          0.9994210962875941,
          -0.025268423977772795,
          0.543948633422196
        ],
        [
          0.9992098384862023,
          0.02358513285654901,
          0.03199125162472193,
          1.4982866873346061
        ],
        [
          0.03256869090698326,
          -0.024519661568670616,
          -0.9991686877445486,
          1.3808537983837972
        ],
        [
          0.0,
          0.0,
          0.0,
          1.0
        ]
      ]
    },
    {
      "file_path": "./train/IMG_6363.jpg",
      "transform_matrix": [
        [
          0.5417468946072592,
          0.8398470770906261,
          0.034164152056258154,
          0.9308960608836762
        ],
        [
          -0.08547243863924227,
          0.014608561568270841,
          0.9962334325658654,
          0.8771445682073356
        ],
        [
          0.8361846473216619,
          -0.5426264617867782,
          0.07969792062726518,
          0.6055668749817683
        ],
        [
          0.0,
          0.0,
          0.0,
          1.0
        ]
      ]
    },
    {
      "file_path": "./train/IMG_6364.jpg",
      "transform_matrix": [
        [
          0.510191857685998,
          0.8415377473368073,
          0.17753447033802258,
          0.6142350277791931
        ],
        [
          -0.027107692005330884,
          -0.19058423838506114,
          0.9812965001024564,
          0.8251815088911874
        ],
        [
          0.8596333179821816,
          -0.5054620340702928,
          -0.07442238056167941,
          0.8054941753507644
        ],
        [
          0.0,
          0.0,
          0.0,
          1.0
        ]
      ]
    },
    {
      "file_path": "./train/IMG_6365.jpg",
      "transform_matrix": [
        [
          0.5230158235738429,
          0.6474999273324057,
          0.5542547179735182,
          0.3273897696836488
        ],
        [
          -0.04462452083317739,
          -0.6285926065945086,
          0.7764534674242436,
          0.8478780381250621
        ],
        [
          0.85115398162247,
          -0.4308308009407529,
          -0.29986950583372973,
          0.98942125159193
        ],
        [
          0.0,
          0.0,
          0.0,
          1.0
        ]
      ]
    },
    {
      "file_path": "./train/IMG_6368.jpg",
      "transform_matrix": [
        [
          0.5102401570233126,
          0.6282781776444203,
          0.587300190410859,
          -0.40947136850891597
        ],
        [
          -0.04595199503263206,
          -0.6619903796831375,
          0.7481023668987395,
          0.7280970417822795
        ],
        [
          0.8588034678046812,
          -0.40869948458834837,
          -0.30890343957921895,
          -0.1964057977478524
        ],
        [
          0.0,
          0.0,
          0.0,
          1.0
        ]
      ]
    },
    {
      "file_path": "./train/IMG_6369.jpg",
      "transform_matrix": [
        [
          0.5665794305254599,
          0.8235072955682051,
          -0.028696394396967324,
          -0.39816014761458035
        ],
        [
          -0.05812565898923197,
          0.07468107219365182,
          0.9955120015464775,
          0.7660779838723599
        ],
        [
          0.821954473600888,
          -0.5623686260825252,
          0.09017966359185209,
          -1.513346934652287
        ],
        [
          0.0,
          0.0,
          0.0,
          1.0
        ]
      ]
    },
    {
      "file_path": "./train/IMG_6370.jpg",
      "transform_matrix": [
        [
          0.5314569740926944,
          0.8448786397931131,
          0.06110293535973525,
          -0.6008479203446608
        ],
        [
          -0.023305073585888972,
          -0.057522456622943315,
          0.9980721619849026,
          0.7892993748073613
        ],
        [
          0.8467646415819411,
          -0.5318564195395222,
          -0.01088075186768352,
          -1.3463553493217648
        ],
        [
          0.0,
          0.0,
          0.0,
          1.0
        ]
      ]
    },
    {
      "file_path": "./train/IMG_6371.jpg",
      "transform_matrix": [
        [
          0.5250755752562688,
          0.6467602411040531,
          0.5531698028601395,
          -0.9547278193863072
        ],
        [
          -0.002393309952666803,
          -0.6488560878669073,
          0.7609073854980792,
          0.7484009941303894
        ],
        [
          0.8510522383125309,
          -0.40085778995184734,
          -0.3391505858732249,
          -1.1567166172188115
        ],
        [
          0.0,
          0.0,
          0.0,
          1.0
        ]
      ]
    },
    {
      "file_path": "./train/IMG_6372.jpg",
      "transform_matrix": [
        [
          0.5761793391527412,
          0.8130271156742757,
          -0.08369156655170584,
          -1.2465787876082075
        ],
        [
          0.012438828864435588,
          0.09366250861781758,
          0.995526298003171,
          0.9908093276019291
        ],
        [
          0.8172286367167952,
          -0.5746427095663753,
          0.04385329716478412,
          -2.852047616653408
        ],
        [
          0.0,
          0.0,
          0.0,
          1.0
        ]
      ]
    },
    {
      "file_path": "./train/IMG_6373.jpg",
      "transform_matrix": [
        [
          0.5209416519524634,
          0.8315381606615874,
          0.19277988127546491,
          -1.7109113849232114
        ],
        [
          0.017170428520976274,
          -0.2360079439588775,
          0.9715994168239859,
          0.9940671493934892
        ],
        [
          0.8534195753821472,
          -0.5028364920646147,
          -0.13722423474994588,
          -2.5194265747788
        ],
        [
          0.0,
          0.0,
          0.0,
          1.0
        ]
      ]
    },
    {
      "file_path": "./train/IMG_6376.jpg",
      "transform_matrix": [
        [
          -0.025807287071454386,
          0.44446593343783974,
          0.8954239319714664,
          -1.8353757469431693
        ],
        [
          -0.9991504679931144,
          0.01732064284873164,
          -0.037394353055607434,
          0.7743642469102555
        ],
        [
          -0.03212983416004945,
          -0.8956282874856825,
          0.44364134659915466,
          -2.1752467224592067
        ],
        [
          0.0,
          0.0,
          0.0,
          1.0
        ]
      ]
    },
    {
      "file_path": "./train/IMG_6377.jpg",
      "transform_matrix": [
        [
          -0.011399333055369531,
          0.7750732165822235,
          0.6317686001557674,
          -1.489251881840317
        ],
        [
          -0.9993593405756295,
          0.012605270348541869,
          -0.03349650076773635,
          -0.04344579574589171
        ],
        [
          -0.033925854596981754,
          -0.6317456894164971,
          0.7744329669464867,
          -2.4625254480673777
        ],
        [
          0.0,
          0.0,
          0.0,
          1.0
        ]
      ]
    },
    {
      "file_path": "./train/IMG_6378.jpg",
      "transform_matrix": [
        [
          -0.003840651547117165,
          0.5576982409797852,
          0.8300348916785047,
          -1.8310740688330267
        ],
        [
          -0.999922440376221,
          -0.011975751497766493,
          0.0034197380201057385,
          -0.08338737815725927
        ],
        [
          0.011847473475641948,
          -0.8299573804624651,
          0.5577009808025504,
          -2.2286414820344445
        ],
        [
          0.0,
          0.0,
          0.0,
          1.0
        ]
      ]
    },
    {
      "file_path": "./train/IMG_6379.jpg",
      "transform_matrix": [
        [
          -0.024349953714285676,
          0.7967968348699863,
          0.603756477145615,
          -1.4709832106394394
        ],
        [
          -0.9996965853057899,
          -0.017162011435539647,
          -0.017669258372382268,
          -1.2381872383238828
        ],
        [
          -0.003717133580560061,
          -0.6040035341822576,
          0.7969729691860858,
          -2.564272401275478
        ],
        [
          0.0,
          0.0,
          0.0,
          1.0
        ]
      ]
    },
    {
      "file_path": "./train/IMG_6380.jpg",
      "transform_matrix": [
        [
          0.016154559590449636,
          0.46859363398694165,
          0.883266118670557,
          -1.9167158199043022
        ],
        [
          -0.9987938396061853,
          0.04852783366423999,
          -0.007477655019406072,
          -1.3499153603442435
        ],
        [
          -0.04636697282734796,
          -0.8820799598374105,
          0.46881238068555725,
          -2.2949431131386984
        ],
        [
          0.0,
          0.0,
          0.0,
          1.0
        ]
      ]
    },
    {
      "file_path": "./train/IMG_6381.jpg",
      "transform_matrix": [
        [
          0.040562101806110334,
          0.8889760070732079,
          -0.45615389370830395,
          0.32110110876761677
        ],
        [
          0.9962596098372802,
          -0.0011217159192390305,
          0.08640330757712099,
          0.9259476981932263
        ],
        [
          0.07629879228363182,
          -0.4579523999299189,
          -0.8856963891167713,
          0.6150747630744355
        ],
        [
          0.0,
          0.0,
          0.0,
          1.0
        ]
      ]
    },
    {
      "file_path": "./train/IMG_6384.jpg",
      "transform_matrix": [
        [
          0.017059722460082513,
          0.9944722183255756,
          -0.10360488814816317,
          -0.2613365292420045
        ],
        [
          0.9997152855981135,
          -0.015236611331553797,
          0.018362827032160918,
          0.15064195273255174
        ],
        [
          0.01668273392063927,
          -0.10388865507715274,
          -0.9944490101232912,
          0.5173856842266977
        ],
        [
          0.0,
          0.0,
          0.0,
          1.0
        ]
      ]
    },
    {
      "file_path": "./train/IMG_6385.jpg",
      "transform_matrix": [
        [
          -0.020800081792252696,
          0.9174962989770175,
          -0.397200072961865,
          0.21175053383400005
        ],
        [
          0.9997776318803118,
          0.017708989354371023,
          -0.011448951386151844,
          -0.7861259451412655
        ],
        [
          -0.0034703586603250457,
          -0.39734988745376787,
          -0.9176606254772222,
          0.0887504115679193
        ],
        [
          0.0,
          0.0,
          0.0,
          1.0
        ]
      ]
    },
    {
      "file_path": "./train/IMG_6386.jpg",
      "transform_matrix": [
        [
          0.0700118901222524,
          0.9952818770551619,
          0.06717380774574996,
          -0.25285116883792785
        ],
        [
          0.9960056037667054,
          -0.07348608263128371,
          0.05072112897825321,
          -0.8251560624869626
        ],
        [
          0.05541816044249497,
          0.06335440683221225,
          -0.996451226417083,
          0.30432914163502467
        ],
        [
          0.0,
          0.0,
          0.0,
          1.0
        ]
      ]
    },
    {
      "file_path": "./train/IMG_6387.jpg",
      "transform_matrix": [
        [
          -0.37322121667495856,
          0.6167684942325254,
          -0.6930386338046433,
          -2.8748251899308075
        ],
        [
          0.6861809964253424,
          -0.3192413446593739,
          -0.6536364463559223,
          -0.41436937232032683
        ],
        [
          -0.6243889521511308,
          -0.719500930077382,
          -0.3040671768695114,
          -3.204926399977608
        ],
        [
          0.0,
          0.0,
          0.0,
          1.0
        ]
      ]
    },
    {
      "file_path": "./train/IMG_6388.jpg",
      "transform_matrix": [
        [
          -0.564605991631091,
          0.7189492629886104,
          -0.4053788739715062,
          -2.9294434512421685
        ],
        [
          -0.09124346368662227,
          -0.5425130240111229,
          -0.8350773910918524,
          -0.4094884248257518
        ],
        [
          -0.8203015936524447,
          -0.4345015259195768,
          0.3719055248646072,
          -3.3018192186291397
        ],
        [
          0.0,
          0.0,
          0.0,
          1.0
        ]
      ]
    },
    {
      "file_path": "./train/IMG_6390.jpg",
      "transform_matrix": [
        [
          0.1321410253918643,
          0.9862625128977875,
          -0.09912116353699578,
          -2.826447212890748
        ],
        [
          -0.9104640298346625,
          0.16030262753013438,
          0.3812588595484196,
          -0.11063573125393014
        ],
        [
          0.39191070384159354,
          0.03986631735533289,
          0.9191390955426226,
          -3.149618153227886
        ],
        [
          0.0,
          0.0,
          0.0,
          1.0
        ]
      ]
    },
    {
      "file_path": "./train/IMG_6394.jpg",
      "transform_matrix": [
        [
          0.5432794692391272,
          0.8389513922055464,
          0.0317486979201932,
          -3.0587864067996917
        ],
        [
