{
  "camera_angle_x": 0.9011358354744409,
  "camera_angle_y": 0.62375764619403,
  "w": 3118,
  "h": 2078,
  "frames": [
    {
      "file_path": "./train/DSCF5567.JPG",
      "transform_matrix": [
        [
          0.4878881723340415,
          0.2836443239863127,
          -0.8255368124843957,
          -3.6551355453662895
        ],
        [
          0.6045060232025135,
          -0.7920392580249198,
          0.08512509418036801,
          1.6494498010099141
        ],
        [
          -0.6297123146393364,
          -0.540573502141644,
          -0.5578912883115197,
          -0.644314993024306
        ],
        [
          0.0,
          0.0,
          0.0,
          1.0
        ]
      ]
    },
    {
      "file_path": "./train/DSCF5568.JPG",
      "transform_matrix": [
        [
          0.48608906519309003,
          0.34096668597982,
          -0.8046484572480372,
          -3.6178516149766975
        ],
        [
          0.6013096468126071,
          -0.7986300198964867,
          0.02483545792279373,
          1.4268178330952328
        ],
        [
          -0.6341483496389513,
          -0.4959151241614597,
          -0.5932318773280129,
          -0.9407561748828808
        ],
        [
          0.0,
          0.0,
          0.0,
          1.0
        ]
      ]
    },
    {
      "file_path": "./train/DSCF5569.JPG",
      "transform_matrix": [
        [
          0.4944496214982032,
          0.3958240967882853,
          -0.773849375655251,
          -3.5738527487371865
        ],
        [
          0.583308354247732,
          -0.8111537446016055,
          -0.042201498594196786,
          1.1798907852423568
        ],
        [
          -0.6444151888845315,
          -0.43052629074254173,
          -0.6319621644642835,
          -1.1972867731226364
        ],
        [
          0.0,
          0.0,
          0.0,
          1.0
        ]
      ]
    },
    {
      "file_path": "./train/DSCF5570.JPG",
      "transform_matrix": [
        [
          0.5075053426654191,
          0.4561750946314446,
          -0.730987421371974,
          -3.5037955859358725
        ],
        [
          0.5728892225496824,
          -0.8123267639085655,
          -0.10919325677100244,
          0.9527295927054441
        ],
        [
          -0.6436118907015901,
          -0.36335865432906667,
          -0.6735979679836438,
          -1.4001075463484411
        ],
        [
          0.0,
          0.0,
          0.0,
          1.0
        ]
      ]
    },
    {
      "file_path": "./train/DSCF5571.JPG",
      "transform_matrix": [
        [
          0.5120049657935942,
          0.4781450752328068,
          -0.7136022716004441,
          -3.3417373009503164
        ],
        [
          0.5742441366342961,
          -0.8083579337640944,
          -0.12961914388614024,
          0.7118185651319816
        ],
        [
          -0.6388228131053496,
          -0.3434162750238513,
          -0.6884552821388693,
          -1.6446872360545979
        ],
        [
          0.0,
          0.0,
          0.0,
          1.0
        ]
      ]
    },
    {
      "file_path": "./train/DSCF5572.JPG",
      "transform_matrix": [
        [
          0.5391757974226905,
          0.5279909310031277,
          -0.656136446367717,
          -3.163531827623638
        ],
        [
          0.5651706604496205,
          -0.8044421784511404,
          -0.18290682353516322,
          0.5140296521063225
        ],
        [
          -0.6243969763223916,
          -0.2722101363050866,
          -0.7321407362332877,
          -1.826595772209033
        ],
        [
          0.0,
          0.0,
          0.0,
          1.0
        ]
      ]
    },
    {
      "file_path": "./train/DSCF5575.JPG",
      "transform_matrix": [
        [
          0.6811424983885158,
          0.5306229788837543,
          -0.5044642218924764,
          -2.637328086500816
        ],
        [
          0.4733123366700177,
          -0.8448112726382795,
          -0.24953826475965304,
          0.04459662112012429
        ],
        [
          -0.5585877986897124,
          -0.06879802252842529,
          -0.8265872629378944,
          -2.288946333977217
        ],
        [
          0.0,
          0.0,
          0.0,
          1.0
        ]
      ]
    },
    {
      "file_path": "./train/DSCF5576.JPG",
      "transform_matrix": [
        [
          0.7108835766498135,
          0.48926076925747325,
          -0.5052409723242507,
          -2.487937177992439
        ],
        [
          0.45375078189098866,
          -0.867923697658901,
          -0.2020363407296245,
          0.23142230462912966
        ],
        [
          -0.5373590683917833,
          -0.08562916972437623,
          -0.838995159050056,
          -2.412487522069285
        ],
        [
          0.0,
          0.0,
          0.0,
          1.0
        ]
      ]
    },
    {
      "file_path": "./train/DSCF5577.JPG",
      "transform_matrix": [
        [
          0.7386106250323943,
          0.4454417111462436,
          -0.5060000262454163,
          -2.469079037612365
        ],
        [
          0.4476539060339713,
          -0.8852989858405178,
          -0.12590347923023879,
          0.5336060851713882
        ],
        [
          -0.5040439712979257,
          -0.13351924071405294,
          -0.8532949591772817,
          -2.399143104486774
        ],
        [
          0.0,
          0.0,
          0.0,
          1.0
        ]
      ]
    },
    {
      "file_path": "./train/DSCF5578.JPG",
      "transform_matrix": [
        [
          0.7467065839349891,
          0.41659754444846686,
          -0.5185323167051852,
          -2.4983859518198024
        ],
        [
          0.43909702517177845,
          -0.8942971510104316,
          -0.08617661039934203,
          0.9325062554445885
        ],
        [
          -0.499622937817544,
          -0.16333735535428817,
          -0.8507043131149823,
          -2.3864111269757116
        ],
        [
          0.0,
          0.0,
          0.0,
          1.0
        ]
      ]
    },
    {
      "file_path": "./train/DSCF5579.JPG",
      "transform_matrix": [
        [
          0.7506294852021139,
          0.36712155694129994,
          -0.5493424600139744,
          -2.5690751623846313
        ],
        [
          0.4205425573587932,
          -0.9067318168708731,
          -0.031326821162885446,
          1.29630719585694
        ],
        [
          -0.5096070382121262,
          -0.20750704735753198,
          -0.835009875331797,
          -2.3733110635008456
        ],
        [
          0.0,
          0.0,
          0.0,
          1.0
        ]
      ]
    },
    {
      "file_path": "./train/DSCF5580.JPG",
      "transform_matrix": [
        [
          0.7594053215957622,
          0.3280994950843532,
          -0.561831183592927,
          -2.6623867820743343
        ],
        [
          0.41422436096211745,
          -0.9097244761762776,
          0.028627892540715884,
          1.5716633963663262
        ],
        [
          -0.5017187821056355,
          -0.2544643369338616,
          -0.8267564120774921,
          -2.342146960702693
        ],
        [
          0.0,
          0.0,
          0.0,
          1.0
        ]
      ]
    },
    {
      "file_path": "./train/DSCF5583.JPG",
      "transform_matrix": [
        [
          0.8195293382239074,
          0.190659239187946,
          -0.5403894135737285,
          -2.429730805674473
        ],
        [
          0.36250798079905666,
          -0.9028419746536123,
          0.23122355559189284,
          2.3826740647501268
        ],
        [
          -0.4438013380413304,
          -0.38538996265580144,
          -0.8090209818273469,
          -2.118655387921944
        ],
        [
          0.0,
          0.0,
          0.0,
          1.0
        ]
      ]
    },
    {
      "file_path": "./train/DSCF5584.JPG",
      "transform_matrix": [
        [
          0.8286492477918423,
          0.17302720332082613,
          -0.5323551549905263,
          -2.4118388794050167
        ],
        [
          0.34745650468107914,
          -0.9046301303653611,
          0.24681633776951847,
          2.6626495101698096
        ],
        [
          -0.4388785726016037,
          -0.38949443403741124,
          -0.8097405043376893,
          -1.966433060116026
        ],
        [
          0.0,
          0.0,
          0.0,
          1.0
        ]
      ]
    },
    {
      "file_path": "./train/DSCF5585.JPG",
      "transform_matrix": [
        [
          0.8390904439291083,
          0.15157555112277957,
          -0.5224481593504541,
          -2.487045777099032
        ],
        [
          0.3448534753827826,
          -0.8909742395398023,
          0.295365849401869,
          2.8565250698860614
        ],
        [
          -0.4207176100703041,
          -0.4280067251554544,
          -0.7998793257726035,
          -1.8057770466916845
        ],
        [
          0.0,
          0.0,
          0.0,
          1.0
        ]
      ]
    },
    {
      "file_path": "./train/DSCF5586.JPG",
      "transform_matrix": [
        [
          0.8559068200372619,
          0.11779251021748305,
          -0.5035359370991965,
          -2.4543486588691406
        ],
        [
          0.3342297297267267,
          -0.8690156346677133,
          0.36483189892040785,
          3.0269657778486065
        ],
        [
          -0.39460613677501416,
          -0.4805587906174808,
          -0.7831661672849274,
          -1.7816681172854762
        ],
        [
          0.0,
          0.0,
          0.0,
          1.0
        ]
      ]
    },
    {
      "file_path": "./train/DSCF5587.JPG",
      "transform_matrix": [
        [
          0.8774730985266822,
          0.11101057458834965,
          -0.4666022006929973,
          -2.1728855799187574
        ],
        [
          0.31803087074504793,
          -0.8628889473547188,
          0.39278369338124514,
          3.1654601339833306
        ],
        [
          -0.3590227382981895,
          -0.49305102865994493,
          -0.7924666280180132,
          -1.8701072971600794
        ],
        [
          0.0,
          0.0,
          0.0,
          1.0
        ]
      ]
    },
    {
      "file_path": "./train/DSCF5588.JPG",
      "transform_matrix": [
        [
          0.9109170772900111,
          0.11311592489712557,
          -0.3967806268406911,
          -1.9080024642363997
        ],
        [
          0.2744749358709045,
          -0.8841514776589596,
          0.3780736358596575,
          3.2052962198401427
        ],
        [
          -0.30804802852816104,
          -0.4533000684846032,
          -0.8364361661428608,
          -2.0427439840765707
        ],
        [
          0.0,
          0.0,
          0.0,
          1.0
        ]
      ]
    },
    {
      "file_path": "./train/DSCF5591.JPG",
      "transform_matrix": [
        [
          0.9196343198682785,
          0.18508273210431256,
          -0.3464348423545359,
          -1.6085096926069398
        ],
        [
          0.2738347062832467,
          -0.9344366634800286,
          0.2276898670979441,
          2.7039712126952495
        ],
        [
          -0.281579955528047,
          -0.3042572993719538,
          -0.9100221010633248,
          -2.6061980056562644
        ],
        [
          0.0,
          0.0,
          0.0,
          1.0
        ]
      ]
    },
    {
      "file_path": "./train/DSCF5592.JPG",
      "transform_matrix": [
        [
          0.9163215020729905,
          0.20547260838090764,
          -0.3437090514429967,
          -1.5723208830555089
        ],
        [
          0.2743997158730331,
          -0.94731388378139,
          0.16523075235505696,
          2.4594896514326257
        ],
        [
          -0.29164996274214927,
          -0.24571815724558407,
          -0.9244257062805735,
          -2.7511837747896504
        ],
        [
          0.0,
          0.0,
          0.0,
          1.0
        ]
      ]
    },
    {
      "file_path": "./train/DSCF5593.JPG",
      "transform_matrix": [
        [
          0.9192066719917518,
          0.21832326225226853,
          -0.3277103100687792,
          -1.5533628554349677
        ],
        [
          0.26528159201299134,
          -0.9583678294436717,
          0.10562566178007192,
          2.2046250594324532
        ],
        [
          -0.2910064794895485,
          -0.18402732581590306,
          -0.9388552456306277,
          -2.8909134319225984
        ],
        [
          0.0,
          0.0,
          0.0,
          1.0
        ]
      ]
    },
    {
      "file_path": "./train/DSCF5594.JPG",
      "transform_matrix": [
        [
          0.9214750996995337,
          0.2274404395672219,
          -0.3148880548436279,
          -1.5088351644315487
        ],
        [
          0.25159377287628476,
          -0.9670972575471289,
          0.03772887348833287,
          1.9365352929124593
        ],
        [
          -0.29594630270305994,
          -0.11399009121099542,
          -0.948378640112744,
          -2.9995716614162085
        ],
        [
          0.0,
          0.0,
          0.0,
          1.0
        ]
      ]
    },
    {
      "file_path": "./train/DSCF5595.JPG",
      "transform_matrix": [
        [
          0.9196792491486308,
          0.242944207775972,
          -0.30849342066487584,
          -1.4154619212072042
        ],
        [
          0.24819861229151244,
          -0.9684422856587072,
          -0.022737374622117883,
          1.6924579606335408
        ],
        [
          -0.3042819868838413,
          -0.05565654729000345,
          -0.9509546893526407,
          -3.024333322426438
        ],
        [
          0.0,
          0.0,
          0.0,
          1.0
        ]
      ]
    },
    {
      "file_path": "./train/DSCF5596.JPG",
      "transform_matrix": [
        [
          0.9256836976947891,
          0.24123015212985216,
          -0.2914064267059168,
          -1.3320052929564838
        ],
        [
          0.23203995880063244,
          -0.9704475406298818,
          -0.06624974268036408,
          1.4612294462151838
        ],
        [
          -0.29877608562584673,
          -0.006291628471392775,
          -0.9543025023907641,
          -3.047893467816584
        ],
        [
          0.0,
          0.0,
          0.0,
          1.0
        ]
      ]
    },
    {
      "file_path": "./train/DSCF5599.JPG",
      "transform_matrix": [
        [
          0.9680268098150423,
          0.16877124062803195,
          -0.18558115156498745,
          -0.9289281168262664
        ],
        [
          0.14847388381302234,
          -0.9818025626128049,
          -0.11840284571076255,
          0.9718339528058533
        ],
        [
          -0.20218704534363485,
          0.0870631746710653,
          -0.9754693241262927,
          -3.0763907706933
        ],
        [
          0.0,
          0.0,
          0.0,
          1.0
        ]
      ]
    },
    {
      "file_path": "./train/DSCF5600.JPG",
      "transform_matrix": [
        [
          0.9795105976076087,
          0.14942957933400564,
          -0.13501773955465043,
          -0.7136744348563323
        ],
        [
          0.14289152810153596,
          -0.9880992855564416,
          -0.05693692193698031,
          1.1468723174544753
        ],
        [
          -0.14191899228501184,
          0.03647742730665014,
          -0.9892059426256469,
          -3.047730474199431
        ],
        [
          0.0,
          0.0,
          0.0,
          1.0
        ]
      ]
    },
    {
      "file_path": "./train/DSCF5601.JPG",
      "transform_matrix": [
        [
          0.9810935761398734,
          0.13295370010737675,
          -0.1406367963401896,
          -0.5795130336269094
        ],
        [
          0.13516205172308496,
          -0.990803946183876,
          0.006225753003854849,
          1.399463997474284
        ],
        [
          -0.13851575589470083,
          -0.02511680421981719,
          -0.9900416817057263,
          -2.9946063652878614
        ],
        [
          0.0,
          0.0,
          0.0,
          1.0
        ]
      ]
    },
    {
      "file_path": "./train/DSCF5602.JPG",
      "transform_matrix": [
        [
          0.9784970887014365,
          0.1326429182316263,
          -0.15795348570326337,
          -0.5574538005149253
        ],
        [
          0.1434104578331266,
          -0.9879153234020867,
          0.058794169536133145,
          1.6409459898000078
        ],
        [
          -0.14824603868874864,
          -0.08018210542476818,
          -0.9856946494643996,
          -2.9604403792806586
        ],
        [
          0.0,
          0.0,
          0.0,
          1.0
        ]
      ]
    },
    {
      "file_path": "./train/DSCF5603.JPG",
      "transform_matrix": [
        [
          0.9689358974407878,
          0.1514381756715113,
          -0.19552418162442065,
          -0.6168055095874339
        ],
        [
          0.16838220564791775,
          -0.9830100098755019,
          0.07306677292523626,
          1.9457223556269398
        ],
        [
          -0.18113712891551878,
          -0.10371981215684008,
          -0.9779731801508632,
          -2.8436221717097494
        ],
        [
          0.0,
          0.0,
          0.0,
          1.0
        ]
      ]
    },
    {
      "file_path": "./train/DSCF5604.JPG",
      "transform_matrix": [
        [
          0.9670301618478917,
          0.15027394799570185,
          -0.20559768148066593,
          -0.7164386744382626
        ],
        [
          0.18143814858839052,
          -0.9730721141415565,
          0.14216490043923863,
          2.1732786001090934
        ],
        [
          -0.1786976897255737,
          -0.17478100936276397,
          -0.9682555109333878,
          -2.7037856715943986
        ],
        [
          0.0,
          0.0,
          0.0,
          1.0
        ]
      ]
    },
    {
      "file_path": "./train/DSCF5607.JPG",
      "transform_matrix": [
        [
          0.9839286086085007,
          0.08579169193366193,
          -0.15660229486472826,
          -0.5984016063774663
        ],
        [
          0.12914312111107865,
          -0.9475681698315204,
          0.29229542896157695,
          2.9053038788263255
        ],
        [
          -0.12331483054129748,
          -0.3078219438527778,
          -0.9434188377657445,
          -2.7235401875346494
        ],
        [
          0.0,
          0.0,
          0.0,
          1.0
        ]
      ]
    },
    {
      "file_path": "./train/DSCF5608.JPG",
      "transform_matrix": [
        [
          0.9857828264107442,
          0.08084349372976164,
          -0.14729748360108022,
          -0.5548126000572577
        ],
        [
          0.12878706617944166,
          -0.9265831012242909,
          0.35335201727239035,
          3.1629471845765655
        ],
        [
          -0.10791714756486394,
          -0.3672983610733126,
          -0.9238213048064662,
          -2.667564650718913
        ],
        [
          0.0,
          0.0,
          0.0,
          1.0
        ]
      ]
    },
    {
      "file_path": "./train/DSCF5609.JPG",
      "transform_matrix": [
        [
          0.9908067975029697,
          0.06606717553560112,
          -0.11805514956433312,
          -0.5341449908608601
        ],
        [
          0.10800276485737213,
          -0.9118043972052405,
          0.39616681337581894,
          3.4411615237138427
        ],
        [
          -0.08146958208480133,
          -0.40527505419645043,
          -0.9105574323682124,
          -2.550249565886766
        ],
        [
          0.0,
          0.0,
          0.0,
          1.0
        ]
      ]
    },
    {
      "file_path": "./train/DSCF5610.JPG",
      "transform_matrix": [
        [
          0.9966277094663756,
          0.0497565215689602,
          -0.06524950026753588,
          -0.4026247074473412
        ],
        [
          0.07391363102860508,
          -0.8897048567671952,
          0.45051308859236455,
          3.6552254835823335
        ],
        [
          -0.03563683308001422,
          -0.4538166550560062,
          -0.8903821986775146,
          -2.4814124622259888
        ],
        [
          0.0,
          0.0,
          0.0,
          1.0
        ]
      ]
    },
    {
      "file_path": "./train/DSCF5611.JPG",
      "transform_matrix": [
        [
          0.9991190415920963,
          0.040024330525270185,
          0.012617198345707181,
          -0.10748981013642864
        ],
        [
          0.029551871163644546,
          -0.8844832179724865,
          0.4656351834169775,
          3.734613059542768
        ],
        [
          0.02979643667988413,
          -0.464852116367172,
          -0.8848868189040578,
          -2.439554420187365
        ],
        [
          0.0,
          0.0,
          0.0,
          1.0
        ]
      ]
    },
    {
      "file_path": "./train/DSCF5612.JPG",
      "transform_matrix": [
        [
          0.996428068253431,
          0.034355124879817026,
          0.07714162424546235,
          0.15124767639454384
        ],
        [
          -0.004073402359866078,
          -0.8928863308538841,
          0.4502637089167887,
          3.666997814131354
        ],
        [
          0.08434756777732577,
          -0.4489696265548262,
          -0.8895570595758707,
          -2.465606767155219
        ],
        [
          0.0,
          0.0,
          0.0,
          1.0
        ]
      ]
    },
    {
      "file_path": "./train/DSCF5615.JPG",
      "transform_matrix": [
        [
          0.9961754805080375,
          0.016894269669941297,
          0.08572628352436527,
          0.4622443863718803
        ],
        [
          -0.010367089122786449,
          -0.9513448938012989,
          0.3079535947205605,
          3.1155206396246644
        ],
        [
          0.0867579131705043,
          -0.30766455221639427,
          -0.9475313123120441,
          -2.8519155497867055
        ],
        [
          0.0,
          0.0,
          0.0,
          1.0
        ]
      ]
    },
    {
      "file_path": "./train/DSCF5616.JPG",
      "transform_matrix": [
        [
          0.9978033857358611,
          0.02704321772283247,
          0.06047369501897349,
          0.3732600491789516
        ],
        [
          0.009731773527094143,
          -0.9628143666273775,
          0.2699884960511085,
          2.8417478931595053
        ],
        [
          0.06552630004868035,
          -0.26880691916525795,
          -0.9609626133262484,
          -2.9141691044845857
        ],
        [
          0.0,
          0.0,
          0.0,
          1.0
        ]
      ]
    },
    {
      "file_path": "./train/DSCF5617.JPG",
      "transform_matrix": [
        [
          0.9995961069345856,
          0.014941996017306516,
          0.0241735342107765,
          0.2937156408830651
        ],
        [
          0.009730196600117922,
          -0.9791557128921776,
          0.20287782822362455,
          2.613170015399545
        ],
        [
          0.0267010538245935,
          -0.20256067403528805,
          -0.978905627248626,
          -2.8884215359875394
        ],
        [
          0.0,
          0.0,
          0.0,
          1.0
        ]
      ]
    },
    {
      "file_path": "./train/DSCF5618.JPG",
      "transform_matrix": [
        [
          0.9997039947954818,
          0.024075991560868103,
          0.0035027732322317957,
          0.22076043637224138
        ],
        [
          0.023315915756092435,
          -0.9891982170767777,
          0.1447178475675306,
          2.3574002333299915
        ],
        [
          0.006949162712890815,
          -0.1445933399658685,
          -0.9894667630472004,
          -2.9259255927457017
        ],
        [
          0.0,
          0.0,
          0.0,
          1.0
        ]
      ]
    },
    {
      "file_path": "./train/DSCF5619.JPG",
      "transform_matrix": [
        [
          0.9997766593503762,
          0.01944834069012768,
          -0.008270034014579713,
          0.14406718208062966
        ],
        [
          0.02015438801122852,
          -0.9951558629375852,
          0.09622166650418647,
          2.1134467162881982
        ],
        [
          -0.006358621084356994,
          -0.09636685376907744,
          -0.9953255735851233,
          -2.9835549580141985
        ],
        [
          0.0,
          0.0,
          0.0,
          1.0
        ]
      ]
    },
    {
      "file_path": "./train/DSCF5620.JPG",
      "transform_matrix": [
        [
          0.9999386281076915,
          -0.0032004660981671015,
          0.010606461938938988,
          0.13204927080262002
        ],
        [
          -0.0036550726665683666,
          -0.9990630915269151,
          0.04312284304733385,
          1.9113427636689824
        ],
        [
          0.01045851145764937,
          -0.04315896390597634,
          -0.9990134750706082,
          -3.083629165790495
        ],
        [
          0.0,
          0.0,
          0.0,
          1.0
        ]
      ]
    },
    {
      "file_path": "./train/DSCF5623.JPG",
      "transform_matrix": [
        [
          0.9875132742199343,
          -0.1140744815186712,
          0.10864872712402675,
          0.4786343741209082
        ],
        [
          -0.11031477370263267,
          -0.9930903438043024,
          -0.04002773720296157,
          1.3379102265545497
        ],
        [
          0.11246414514129303,
          0.027542362079145566,
          -0.9932739976203643,
          -3.1102125436266
        ],
        [
          0.0,
          0.0,
          0.0,
          1.0
        ]
      ]
    },
    {
      "file_path": "./train/DSCF5624.JPG",
      "transform_matrix": [
        [
          0.9781371915363402,
          -0.13274902674591882,
          0.1600791380268277,
          0.8244813947289722
        ],
        [
          -0.1350979911306632,
          -0.9908248345140162,
          0.003831462218541989,
          1.4603038762846916
        ],
        [
          0.15810176256405267,
          -0.02537406566327483,
          -0.9870967477739229,
          -3.0368314334276665
        ],
        [
          0.0,
          0.0,
          0.0,
          1.0
        ]
      ]
    },
    {
      "file_path": "./train/DSCF5625.JPG",
      "transform_matrix": [
        [
          0.9677426251487453,
          -0.1295375282205055,
          0.2160885009729505,
          1.0392172632743841
        ],
        [
          -0.143698833318392,
          -0.9883014709723082,
          0.05109645561978473,
          1.643359546787686
        ],
        [
          0.20694167480995232,
          -0.08049988358062003,
          -0.9750358516333433,
          -2.972084591774422
        ],
        [
          0.0,
          0.0,
          0.0,
          1.0
        ]
      ]
    },
    {
      "file_path": "./train/DSCF5626.JPG",
      "transform_matrix": [
        [
          0.9662365883956057,
          -0.123275484259531,
          0.22625209441284533,
          1.1751763324465996
        ],
        [
          -0.14916776251916283,
          -0.9836299847553225,
          0.10109911827148012,
          1.8818129560950747
        ],
        [
          0.2100853014150385,
          -0.1314351858172773,
          -0.9688080088740647,
          -2.9142586092615246
        ],
        [
          0.0,
          0.0,
          0.0,
          1.0
        ]
      ]
    },
    {
      "file_path": "./train/DSCF5627.JPG",
      "transform_matrix": [
        [
          0.9692199735036537,
          -0.10356490990798606,
          0.22335387258189104,
          1.2419317884103844
        ],
        [
          -0.14284744154375512,
          -0.9754561320196399,
          0.16757071029773124,
          2.07964341055929
        ],
        [
          0.20051745910513719,
          -0.19431840865196853,
          -0.9602255488441171,
          -2.8707863438029233
        ],
        [
          0.0,
          0.0,
          0.0,
          1.0
        ]
      ]
    },
    {
      "file_path": "./train/DSCF5628.JPG",
      "transform_matrix": [
        [
          0.9779752875394438,
          -0.08598514169498013,
          0.190186467367782,
          1.2161481220235764
        ],
        [
          -0.12382206755791265,
          -0.97254925101368,
          0.1970178924321695,
          2.324099872370665
        ],
        [
          0.16802509499424761,
          -0.21622791161278043,
          -0.9617759914303069,
          -2.8424867978162025
        ],
        [
          0.0,
          0.0,
          0.0,
          1.0
        ]
      ]
    },
    {
      "file_path": "./train/DSCF5631.JPG",
      "transform_matrix": [
        [
          0.9651326190163981,
          -0.06042123040313674,
          0.2546925649231225,
          1.3177517303524893
        ],
        [
          -0.14698962945807637,
          -0.9302025782252824,
          0.3363290238662352,
          2.930666283948548
        ],
        [
          0.2165942671040148,
          -0.3620392773990252,
          -0.906650144806731,
          -2.4870675277928704
        ],
        [
          0.0,
          0.0,
          0.0,
          1.0
        ]
      ]
    },
    {
      "file_path": "./train/DSCF5632.JPG",
      "transform_matrix": [
        [
          0.9556420584361021,
          -0.06721525077826597,
          0.2867583760081378,
          1.4018081989188036
        ],
        [
          -0.16966425163552223,
          -0.9214741852290149,
          0.3494271993899183,
          3.1295298414727157
        ],
        [
          0.24075360405395377,
          -0.3825799733641821,
          -0.892003512389774,
          -2.2827643271651823
        ],
        [
          0.0,
          0.0,
          0.0,
          1.0
        ]
      ]
    },
    {
      "file_path": "./train/DSCF5633.JPG",
      "transform_matrix": [
        [
          0.948428864106194,
          -0.05523437655032378,
          0.31214075891708165,
          1.5468047033180736
        ],
        [
          -0.18438670105367838,
          -0.8971028580371861,
          0.4015071687729291,
          3.290225116641416
        ],
        [
          0.257845368786752,
          -0.4383555928109154,
          -0.8610227291114997,
          -2.109293032730028
        ],
        [
          0.0,
          0.0,
          0.0,
          1.0
        ]
      ]
    },
    {
      "file_path": "./train/DSCF5634.JPG",
      "transform_matrix": [
        [
          0.9187929813056022,
          -0.061760297949623656,
          0.38987834397506244,
          1.8098750324479613
        ],
        [
          -0.22780475046680307,
          -0.8895748934903893,
          0.39593118661747245,
          3.314152052911246
        ],
        [
          0.3223731582627824,
          -0.45259493420578184,
          -0.8314044577478178,
          -1.93297400923484
        ],
        [
          0.0,
          0.0,
          0.0,
          1.0
        ]
      ]
    },
    {
      "file_path": "./train/DSCF5635.JPG",
      "transform_matrix": [
        [
          0.9001828394113941,
          -0.09573647913612787,
          0.4248592498603011,
          2.09918448526359
        ],
        [
          -0.2688529063208654,
          -0.889622304122744,
          0.3691751220899967,
          3.151755595246777
        ],
        [
          0.34262073841503526,
          -0.446549753745266,
          -0.8265617623855936,
          -1.8372714420833762
        ],
        [
          0.0,
          0.0,
          0.0,
          1.0
        ]
      ]
    },
    {
      "file_path": "./train/DSCF5636.JPG",
      "transform_matrix": [
        [
          0.8849839603017325,
          -0.1314140127623318,
          0.4466920049187842,
          2.2210290395605057
        ],
        [
          -0.2905638014628582,
          -0.9054962132851994,
          0.3092721859553768,
          2.9168604329157684
        ],
        [
          0.3638352199665585,
          -0.40349345097023087,
          -0.8395337799850698,
          -1.885699002568284
        ],
        [
          0.0,
          0.0,
          0.0,
          1.0
        ]
      ]
    },
    {
      "file_path": "./train/DSCF5639.JPG",
      "transform_matrix": [
        [
          0.8683080371679562,
          -0.2309769109537518,
          0.4389656241618398,
          2.099095047797533
        ],
        [
          -0.31679310253610476,
          -0.9392016090980302,
          0.13244798093296878,
          2.1245357629487716
        ],
        [
          0.3816847950535626,
          -0.254066928335692,
          -0.8886881979361412,
          -2.24225347637396
        ],
        [
          0.0,
          0.0,
          0.0,
          1.0
        ]
      ]
    },
    {
      "file_path": "./train/DSCF5640.JPG",
      "transform_matrix": [
        [
          0.8876825246966963,
          -0.24439789567521264,
          0.3902427500128951,
          1.9735725907204607
        ],
        [
          -0.30356589898607483,
          -0.947870844256443,
          0.09689482742310986,
          1.8989643651734296
        ],
        [
          0.346218832995658,
          -0.20447623626745945,
          -0.915599251026899,
          -2.283123142604036
        ],
        [
          0.0,
          0.0,
          0.0,
          1.0
        ]
      ]
    },
    {
      "file_path": "./train/DSCF5641.JPG",
      "transform_matrix": [
        [
          0.8970867794084426,
          -0.24805591354587392,
          0.3656549930816073,
          1.889718140097945
        ],
        [
          -0.28706136303931495,
          -0.9563016496662918,
          0.055524127147929515,
          1.6922074476115003
        ],
        [
          0.3359033850091406,
          -0.15477538111873845,
          -0.9290928356945556,
          -2.2838001105319807
        ],
        [
          0.0,
          0.0,
          0.0,
          1.0
        ]
      ]
    },
    {
      "file_path": "./train/DSCF5642.JPG",
      "transform_matrix": [
        [
          0.8788467152888146,
          -0.294956619912016,
          0.3750053911561,
          1.8336436246910492
        ],
        [
          -0.3166350119755705,
          -0.9485389711262932,
          -0.004011165155335384,
          1.4549622395045834
        ],
        [
          0.3568903476101468,
          -0.11521463719836772,
          -0.9270139519758896,
          -2.267618130536939
        ],
        [
          0.0,
          0.0,
          0.0,
          1.0
        ]
      ]
    },
    {
      "file_path": "./train/DSCF5643.JPG",
      "transform_matrix": [
        [
          0.8588893882074379,
          -0.35720500988326737,
          0.3670335131005722,
          1.8374186264196244
        ],
        [
          -0.35491181144590245,
          -0.9317805880978515,
          -0.07630558131755874,
          1.2236057005541545
        ],
        [
          0.36925143861715864,
          -0.06472647494122652,
          -0.9270727363701521,
          -2.2469357298586763
        ],
        [
          0.0,
          0.0,
          0.0,
          1.0
        ]
      ]
    },
    {
      "file_path": "./train/DSCF5644.JPG",
      "transform_matrix": [
        [
          0.8366354763594053,
          -0.40360651408574355,
          0.37032804577080747,
          1.8789284555406571
        ],
        [
          -0.38118401509638455,
          -0.9145110098761077,
          -0.13552992086761068,
          1.0346030847887504
        ],
        [
          0.39336983403899967,
          -0.027773991483688174,
          -0.9189607059418775,
          -2.2665791506907875
        ],
        [
          0.0,
          0.0,
          0.0,
          1.0
        ]
      ]
    },
    {
      "file_path": "./train/DSCF5647.JPG",
      "transform_matrix": [
        [
          0.7390143046481923,
          -0.43160919232148903,
          0.5172730058962484,
          2.3039091045536515
        ],
        [
          -0.4419079957185583,
          -0.8901204498250943,
          -0.11136834434963228,
          0.8511372431717619
        ],
        [
          0.5085028818456735,
          -0.14628427771556124,
          -0.8485432983931234,
          -2.0006402972508366
        ],
        [
          0.0,
          0.0,
          0.0,
          1.0
        ]
      ]
    },
    {
      "file_path": "./train/DSCF5648.JPG",
      "transform_matrix": [
        [
          0.7166885884958467,
          -0.43283671347621755,
          0.5468179281871959,
          2.4056627246474296
        ],
        [
          -0.4499041237834989,
          -0.8860639221828719,
          -0.11170051570385754,
          1.0584401876364573
        ],
        [
          0.5328637222803152,
          -0.16596115591611282,
          -0.8297669240241836,
          -1.869923119979446
        ],
        [
          0.0,
          0.0,
          0.0,
          1.0
        ]
      ]
    },
    {
      "file_path": "./train/DSCF5649.JPG",
      "transform_matrix": [
        [
          0.7121500991578424,
          -0.3992481559989296,
          0.577445362091453,
          2.518477560684166
        ],
        [
          -0.4502344244419165,
          -0.8908467550454996,
          -0.060671427149521756,
          1.1772160307021518
        ],
        [
          0.5386382824465146,
          -0.21677861738731982,
          -0.8141718686657693,
          -1.7588703496469449
        ],
        [
          0.0,
          0.0,
          0.0,
          1.0
        ]
      ]
    },
    {
      "file_path": "./train/DSCF5650.JPG",
      "transform_matrix": [
        [
          0.7005648655307696,
          -0.35613995964481726,
          0.6183633222693942,
          2.6007772144870867
        ],
        [
          -0.451506740889649,
          -0.8922645786147748,
          -0.0023631928837721844,
          1.3046300825443733
        ],
        [
          0.5525853165937925,
          -0.2775396384187067,
          -0.7858888070149312,
          -1.7094545413618953
        ],
        [
          0.0,
          0.0,
          0.0,
          1.0
        ]
      ]
    },
    {
      "file_path": "./train/DSCF5651.JPG",
      "transform_matrix": [
        [
          0.6947203626987205,
          -0.34247895904571757,
          0.6325122767683801,
          2.67346668220729
        ],
        [
          -0.4478098224739101,
          -0.8940953537023238,
          0.007737013881442944,
          1.4800784509095093
        ],
        [
          0.5628765233580482,
          -0.28862027146213803,
          -0.7745116902626313,
          -1.6061027844910012
        ],
        [
          0.0,
          0.0,
          0.0,
          1.0
        ]
      ]
    },
    {
      "file_path": "./train/DSCF5652.JPG",
      "transform_matrix": [
        [
          0.6849273813971416,
          -0.3316271593091958,
          0.6487664521389553,
          2.752039820133901
        ],
        [
          -0.46952994383520075,
          -0.8817705804898127,
          0.044969714528464926,
          1.6542829731890885
        ],
        [
          0.5571499924208628,
          -0.3354162646491247,
          -0.7596576961725988,
          -1.5194822969795083
        ],
        [
          0.0,
          0.0,
          0.0,
          1.0
        ]
      ]
    },
    {
      "file_path": "./train/DSCF5655.JPG",
      "transform_matrix": [
        [
          0.7153968582705641,
          -0.25516894838365184,
          0.6504584098598369,
          2.8181183620402956
        ],
        [
          -0.4475530587757588,
