{
  "camera_angle_x": 1.3986958653070056,
  "camera_angle_y": 0.881621552836618,
  "w": 1957,
  "h": 1091,
  "frames": [
    {
      "file_path": "./train/000003.jpg",
      "transform_matrix": [
        [
          0.7408179780614152,
          0.006984202023919499,
          0.6716695201533902,
          3.5449143846008746
        ],
        [
          -0.03954912445768043,
          -0.9977576533153408,
          0.05399566654181636,
          0.7325930171576371
        ],
        [
          0.6705405208752317,
          -0.06656490195856374,
          -0.7388805882492918,
          -2.57533853656984
        ],
        [
          0.0,
          0.0,
          0.0,
          1.0
        ]
      ]
    },
    {
      "file_path": "./train/000004.jpg",
      "transform_matrix": [
        [
          0.6874002286328478,
          -0.001131541830313973,
          0.7262779394202983,
          3.59207835324691
        ],
        [
          -0.053810834577913115,
          -0.9973296123742253,
          0.0493764960634674,
          0.7473594673930097
        ],
        [
          0.7242826242272672,
          -0.07302303673884969,
          -0.6856254927786012,
          -2.586668980664022
        ],
        [
          0.0,
          0.0,
          0.0,
          1.0
        ]
      ]
    },
    {
      "file_path": "./train/000005.jpg",
      "transform_matrix": [
        [
          0.7232182527411503,
          -0.0013820828759646849,
          0.6906181642188116,
          3.531836769908901
        ],
        [
          -0.051052440525214335,
          -0.9973689693547696,
          0.0514663704240362,
          0.7372583024338519
        ],
        [
          0.6887299958753481,
          -0.07247916124741388,
          -0.7213860020588245,
          -2.5911691962834627
        ],
        [
          0.0,
          0.0,
          0.0,
          1.0
        ]
      ]
    },
    {
      "file_path": "./train/000006.jpg",
      "transform_matrix": [
        [
          0.7888732593306741,
          0.002564109189231075,
          0.6145505724161886,
          3.384368741185079
        ],
        [
          -0.04199847645194038,
          -0.9974285025778006,
          0.05807331763488465,
          0.7263295720936694
        ],
        [
          0.6131191635308059,
          -0.07162267510692473,
          -0.786736985098459,
          -2.624840205963093
        ],
        [
          0.0,
          0.0,
          0.0,
          1.0
        ]
      ]
    },
    {
      "file_path": "./train/000007.jpg",
      "transform_matrix": [
        [
          0.8239391759654351,
          0.010017841385991367,
          0.5665896903080437,
          3.1815339208971514
        ],
        [
          -0.032047944346960545,
          -0.9974197665114926,
          0.06423969672479715,
          0.6909371739429508
        ],
        [
          0.565771299707341,
          -0.07108763764625264,
          -0.821492169287901,
          -2.567019183623544
        ],
        [
          0.0,
          0.0,
          0.0,
          1.0
        ]
      ]
    },
    {
      "file_path": "./train/000008.jpg",
      "transform_matrix": [
        [
          0.8325375797250156,
          0.012639921020188846,
          0.5538243500806163,
          2.934818689969258
        ],
        [
          -0.03261921465868462,
          -0.9968864727096186,
          0.07178681887105377,
          0.6725770257620531
        ],
        [
          0.5530073825733831,
          -0.07783053979755129,
          -0.8295331469532471,
          -2.5516347260931287
        ],
        [
          0.0,
          0.0,
          0.0,
          1.0
        ]
      ]
    },
    {
      "file_path": "./train/000011.jpg",
      "transform_matrix": [
        [
          0.8273487291136238,
          0.006431621204114912,
          0.5616517735062877,
          2.0424736810944526
        ],
        [
          -0.05037395316666087,
          -0.9950554417885078,
          0.08559867177380995,
          0.6017962027335222
        ],
        [
          0.5594251918500226,
          -0.09911257244045366,
          -0.8229338689759956,
          -2.3277095540137993
        ],
        [
          0.0,
          0.0,
          0.0,
          1.0
        ]
      ]
    },
    {
      "file_path": "./train/000012.jpg",
      "transform_matrix": [
        [
          0.747945344415729,
          0.0011984337641632245,
          0.663759237618091,
          1.7653030928256408
        ],
        [
          -0.07586557178822516,
          -0.9932906973105209,
          0.08728118728354316,
          0.5744129142783958
        ],
        [
          0.6594104767017902,
          -0.11563803177541634,
          -0.7428362328420883,
          -2.298513829684207
        ],
        [
          0.0,
          0.0,
          0.0,
          1.0
        ]
      ]
    },
    {
      "file_path": "./train/000013.jpg",
      "transform_matrix": [
        [
          0.7557796400468366,
          -0.003904685910722642,
          0.6548143928768003,
          1.4531192966676254
        ],
        [
          -0.08763848246814201,
          -0.9915891920151282,
          0.09523849363291319,
          0.5945576940303512
        ],
        [
          0.6489349983483362,
          -0.1293662541265066,
          -0.7497651233632576,
          -2.4088366085438406
        ],
        [
          0.0,
          0.0,
          0.0,
          1.0
        ]
      ]
    },
    {
      "file_path": "./train/000014.jpg",
      "transform_matrix": [
        [
          0.8063539057910721,
          -0.00899110162602925,
          0.5913649792700216,
          1.220805509548153
        ],
        [
          -0.0863783195368027,
          -0.9909533420399178,
          0.10271445766743785,
          0.5779302670737009
        ],
        [
          0.5850915864456442,
          -0.1339053172636109,
          -0.799835734059845,
          -2.473172779830026
        ],
        [
          0.0,
          0.0,
          0.0,
          1.0
        ]
      ]
    },
    {
      "file_path": "./train/000015.jpg",
      "transform_matrix": [
        [
          0.8878934106603361,
          -0.009479029806545455,
          0.4599515619061232,
          1.0722366758871549
        ],
        [
          -0.07130442029169858,
          -0.9905413563216249,
          0.11723267916148769,
          0.6061255645445613
        ],
        [
          0.4544897919126682,
          -0.13688670282551965,
          -0.8801710399898063,
          -2.6365012857691448
        ],
        [
          0.0,
          0.0,
          0.0,
          1.0
        ]
      ]
    },
    {
      "file_path": "./train/000016.jpg",
      "transform_matrix": [
        [
          0.9536034802027521,
          -0.010018495196375892,
          0.3008987077060979,
          0.9120238570627761
        ],
        [
          -0.049280782727126486,
          -0.9911601008637151,
          0.12317897105282177,
          0.6089672607721833
        ],
        [
          0.2970047255499502,
          -0.13229241932110222,
          -0.9456674409067748,
          -2.673757879352866
        ],
        [
          0.0,
          0.0,
          0.0,
          1.0
        ]
      ]
    },
    {
      "file_path": "./train/000019.jpg",
      "transform_matrix": [
        [
          0.9828007822582401,
          0.00927388612409046,
          -0.1844359439717453,
          1.013336659167977
        ],
        [
          0.02823022890390516,
          -0.9945443705575125,
          0.10042185602942429,
          0.6979573983920615
        ],
        [
          -0.18249842894837337,
          -0.10390134757797274,
          -0.9777007893025642,
          -2.8518687679100747
        ],
        [
          0.0,
          0.0,
          0.0,
          1.0
        ]
      ]
    },
    {
      "file_path": "./train/000020.jpg",
      "transform_matrix": [
        [
          0.9793279471544107,
          0.030809519914986518,
          -0.19991884704783439,
          1.067588836978122
        ],
        [
          0.036333394170274244,
          -0.999051014692727,
          0.024019877383119823,
          0.6667876103427509
        ],
        [
          -0.1989890861087483,
          -0.03078706748036713,
          -0.9795179937528274,
          -2.863416020701911
        ],
        [
          0.0,
          0.0,
          0.0,
          1.0
        ]
      ]
    },
    {
      "file_path": "./train/000021.jpg",
      "transform_matrix": [
        [
          0.9722193226375982,
          0.06739469481582568,
          -0.22415963909850342,
          0.995906523203402
        ],
        [
          0.05131002828577288,
          -0.9957231822082914,
          -0.0768285455433508,
          0.560408322220855
        ],
        [
          -0.22837878554586186,
          0.06319255908471556,
          -0.9715193414384099,
          -2.795281679234634
        ],
        [
          0.0,
          0.0,
          0.0,
          1.0
        ]
      ]
    },
    {
      "file_path": "./train/000022.jpg",
      "transform_matrix": [
        [
          0.9217413934782976,
          0.12387985716420377,
          -0.36748684947581833,
          0.9140780529121498
        ],
        [
          0.08806252330935628,
          -0.9897131491329061,
          -0.1127513832368146,
          0.4798426220776404
        ],
        [
          -0.37767419231008537,
          0.0715657978534609,
          -0.9231687500346414,
          -2.642960281838417
        ],
        [
          0.0,
          0.0,
          0.0,
          1.0
        ]
      ]
    },
    {
      "file_path": "./train/000023.jpg",
      "transform_matrix": [
        [
          0.8509101720796426,
          0.18896653956504333,
          -0.49014643319747414,
          0.6694808017795313
        ],
        [
          0.1405907694101072,
          -0.9809423300730629,
          -0.1341133126408566,
          0.4184485927861609
        ],
        [
          -0.5061483128570786,
          0.04520831777054955,
          -0.8612607580728905,
          -2.4982377076746496
        ],
        [
          0.0,
          0.0,
          0.0,
          1.0
        ]
      ]
    },
    {
      "file_path": "./train/000024.jpg",
      "transform_matrix": [
        [
          0.8013522124593747,
          0.23910846791889334,
          -0.5483263372809523,
          0.4077117843406093
        ],
        [
          0.19056513925671392,
          -0.9709233930670409,
          -0.1448885519813547,
          0.3685293079812986
        ],
        [
          -0.5670269475840933,
          0.011614876868225148,
          -0.82361734764926,
          -2.2599128055030406
        ],
        [
          0.0,
          0.0,
          0.0,
          1.0
        ]
      ]
    },
    {
      "file_path": "./train/000027.jpg",
      "transform_matrix": [
        [
          0.574039740814046,
          0.3107651781925663,
          -0.7575641094911277,
          -0.41214317163016867
        ],
        [
          0.25855734525956153,
          -0.9466401935517055,
          -0.1924069727549334,
          0.23583730012555687
        ],
        [
          -0.7769340224101856,
          -0.08542451624289263,
          -0.6237597108231637,
          -1.752100427698706
        ],
        [
          0.0,
          0.0,
          0.0,
          1.0
        ]
      ]
    },
    {
      "file_path": "./train/000028.jpg",
      "transform_matrix": [
        [
          0.5353315193710199,
          0.31416029015553426,
          -0.7840430322739345,
          -0.6956413246079491
        ],
        [
          0.2695822609498778,
          -0.9432561919104486,
          -0.1938895587796066,
          0.18392933487663488
        ],
        [
          -0.8004658449609621,
          -0.10756890123074186,
          -0.5896468116923415,
          -1.5217455622952574
        ],
        [
          0.0,
          0.0,
          0.0,
          1.0
        ]
      ]
    },
    {
      "file_path": "./train/000029.jpg",
      "transform_matrix": [
        [
          0.49175178789712815,
          0.30548149487111026,
          -0.8153902350355255,
          -1.0084206201299835
        ],
        [
          0.26741387289938195,
          -0.9441671671269064,
          -0.1924530620710037,
          0.12315868487183501
        ],
        [
          -0.8286555374104075,
          -0.1234075233154942,
          -0.5459858821509992,
          -1.3507132399746369
        ],
        [
          0.0,
          0.0,
          0.0,
          1.0
        ]
      ]
    },
    {
      "file_path": "./train/000030.jpg",
      "transform_matrix": [
        [
          0.4626658826512327,
          0.3029964409599004,
          -0.8331467084470712,
          -1.2417717365582228
        ],
        [
          0.2638765798035184,
          -0.9442525256786055,
          -0.19686624489935317,
          0.10095301370863499
        ],
        [
          -0.8463506552616078,
          -0.12876460893897934,
          -0.5168270927718851,
          -1.21999272439176
        ],
        [
          0.0,
          0.0,
          0.0,
          1.0
        ]
      ]
    },
    {
      "file_path": "./train/000031.jpg",
      "transform_matrix": [
        [
          0.430710287151913,
          0.294111310533134,
          -0.8532216508961775,
          -1.5014309141558286
        ],
        [
          0.2574283649799937,
          -0.9461692364187432,
          -0.1961999310868878,
          0.06666705950800735
        ],
        [
          -0.864996696782851,
          -0.13513812589811514,
          -0.4832374173048911,
          -1.2089805092914445
        ],
        [
          0.0,
          0.0,
          0.0,
          1.0
        ]
      ]
    },
    {
      "file_path": "./train/000032.jpg",
      "transform_matrix": [
        [
          0.4518250633270045,
          0.29104252720416746,
          -0.8432961280049611,
          -1.6193819070652062
        ],
        [
          0.26217326467336555,
          -0.9468636792754211,
          -0.18631787933400734,
          0.07112626257361686
        ],
        [
          -0.8527129009461846,
          -0.13690661133642792,
          -0.5041203113665611,
          -1.3483416404321882
        ],
        [
          0.0,
          0.0,
          0.0,
          1.0
        ]
      ]
    },
    {
      "file_path": "./train/000035.jpg",
      "transform_matrix": [
        [
          0.7315622229978185,
          0.2583016245411849,
          -0.6309492726375667,
          -1.3953163879581472
        ],
        [
          0.24532875214240363,
          -0.9631940382397792,
          -0.10986832151078714,
          0.2096886168005973
        ],
        [
          -0.636105743768079,
          -0.07441448419986096,
          -0.7680051870179833,
          -2.03334421109062
        ],
        [
          0.0,
          0.0,
          0.0,
          1.0
        ]
      ]
    },
    {
      "file_path": "./train/000036.jpg",
      "transform_matrix": [
        [
          0.8247300853332827,
          0.23795239615460992,
          -0.5130291838779112,
          -1.142223456980362
        ],
        [
          0.22874390532400007,
          -0.9700110696860715,
          -0.08218728894183183,
          0.2562337942139575
        ],
        [
          -0.5172006497707452,
          -0.04956996924310985,
          -0.8544274726540318,
          -2.370350238912589
        ],
        [
          0.0,
          0.0,
          0.0,
          1.0
        ]
      ]
    },
    {
      "file_path": "./train/000037.jpg",
      "transform_matrix": [
        [
          0.9064455133922875,
          0.21067546202949863,
          -0.3660223776624178,
          -0.9024824060390978
        ],
        [
          0.2043180541932775,
          -0.9772720757397386,
          -0.056510377011798056,
          0.2984145235190315
        ],
        [
          -0.3696087985717673,
          -0.02356140229273115,
          -0.9288886888859907,
          -2.6222801147602985
        ],
        [
          0.0,
          0.0,
          0.0,
          1.0
        ]
      ]
    },
    {
      "file_path": "./train/000038.jpg",
      "transform_matrix": [
        [
          0.9699869515972008,
          0.17134980203770836,
          -0.1725240825879325,
          -0.6007987698297398
        ],
        [
          0.16916433250338112,
          -0.9852068138797131,
          -0.027403694890831373,
          0.3061196224658953
        ],
        [
          -0.17466751941862318,
          -0.0026036948020884817,
          -0.9846240289742693,
          -2.741063167131021
        ],
        [
          0.0,
          0.0,
          0.0,
          1.0
        ]
      ]
    },
    {
      "file_path": "./train/000039.jpg",
      "transform_matrix": [
        [
          0.9915197733337052,
          0.12988397835673643,
          -0.004323338351858155,
          -0.25933820972706656
        ],
        [
          0.1297714534616082,
          -0.9913362498687435,
          -0.02029309150026475,
          0.29531380911853483
        ],
        [
          -0.006921629485856436,
          0.0195599555828557,
          -0.9997847264200715,
          -2.7857073207555825
        ],
        [
          0.0,
          0.0,
          0.0,
          1.0
        ]
      ]
    },
    {
      "file_path": "./train/000040.jpg",
      "transform_matrix": [
        [
          0.9919333214688936,
          0.09634535218646978,
          0.08237632470409048,
          -0.005983386745501988
        ],
        [
          0.09859278911406169,
          -0.9948466707705891,
          -0.023655096520314327,
          0.3284887157853171
        ],
        [
          0.07967275377692684,
          0.031585990070604524,
          -0.9963205194799819,
          -2.9596774312448106
        ],
        [
          0.0,
          0.0,
          0.0,
          1.0
        ]
      ]
    },
    {
      "file_path": "./train/000043.jpg",
      "transform_matrix": [
        [
          0.9796938101326492,
          0.05151315707694979,
          0.1937690198038335,
          0.8808942345333071
        ],
        [
          0.06669532443673336,
          -0.9951243393353567,
          -0.07265867436616835,
          0.4943375693093313
        ],
        [
          0.18908139011032207,
          0.0841067411705834,
          -0.9783528422831984,
          -3.523403612016898
        ],
        [
          0.0,
          0.0,
          0.0,
          1.0
        ]
      ]
    },
    {
      "file_path": "./train/000044.jpg",
      "transform_matrix": [
        [
          0.9964393740473897,
          0.07174818532210872,
          0.044280602423976446,
          1.083140716782845
        ],
        [
          0.07607620096998291,
          -0.9915194054994385,
          -0.10536451093235721,
          0.5402992769618339
        ],
        [
          0.03634536413383,
          0.10835804732932576,
          -0.9934473051374968,
          -3.663405107437203
        ],
        [
          0.0,
          0.0,
          0.0,
          1.0
        ]
      ]
    },
    {
      "file_path": "./train/000045.jpg",
      "transform_matrix": [
        [
          0.9802533946839174,
          0.11369946203426941,
          -0.1617891051454761,
          0.8416284701165729
        ],
        [
          0.09165792850962302,
          -0.9862185560809923,
          -0.1377380985161603,
          0.4604092159487212
        ],
        [
          -0.1752201653691179,
          0.12018898441471401,
          -0.9771655446613836,
          -3.7269678021525365
        ],
        [
          0.0,
          0.0,
          0.0,
          1.0
        ]
      ]
    },
    {
      "file_path": "./train/000046.jpg",
      "transform_matrix": [
        [
          0.9380371964087374,
          0.1631883390325946,
          -0.3057053878449295,
          0.5114324964417793
        ],
        [
          0.11916137301756066,
          -0.9802801025697119,
          -0.15764354628872373,
          0.4014063239668199
        ],
        [
          -0.32540249743080585,
          0.11144723643813774,
          -0.9389849456493412,
          -3.581228721357784
        ],
        [
          0.0,
          0.0,
          0.0,
          1.0
        ]
      ]
    },
    {
      "file_path": "./train/000047.jpg",
      "transform_matrix": [
        [
          0.9010205282693817,
          0.19665676792206677,
          -0.3866369398642747,
          0.13110126300887517
        ],
        [
          0.14422525590684937,
          -0.9764345572962098,
          -0.16054479398709423,
          0.37662897014263447
        ],
        [
          -0.4090978895029505,
          0.08889134349418451,
          -0.9081504533148846,
          -3.3975926373932066
        ],
        [
          0.0,
          0.0,
          0.0,
          1.0
        ]
      ]
    },
    {
      "file_path": "./train/000048.jpg",
      "transform_matrix": [
        [
          0.8599780709074073,
          0.21746906236853733,
          -0.4616762117230251,
          -0.305377651043936
        ],
        [
          0.1636217428450708,
          -0.9743974899256711,
          -0.15419940627283069,
          0.29980542790862996
        ],
        [
          -0.483389742161246,
          0.05706784154934518,
          -0.8735431406829218,
          -3.188147628885439
        ],
        [
          0.0,
          0.0,
          0.0,
          1.0
        ]
      ]
    },
    {
      "file_path": "./train/000051.jpg",
      "transform_matrix": [
        [
          0.8129073863281522,
          0.23323420809885462,
          -0.5336509959005344,
          -1.544446334132951
        ],
        [
          0.18476126702589288,
          -0.9722532594844633,
          -0.1434812657764889,
          0.16887532432808117
        ],
        [
          -0.5523086595918253,
          0.018038946597208293,
          -0.8334445038186671,
          -2.5096820912420625
        ],
        [
          0.0,
          0.0,
          0.0,
          1.0
        ]
      ]
    },
    {
      "file_path": "./train/000052.jpg",
      "transform_matrix": [
        [
          0.7916662951873041,
          0.23450490921241496,
          -0.564155939984403,
          -1.9676710559599782
        ],
        [
          0.1828682816663827,
          -0.9720205196508431,
          -0.14742896912781114,
          0.1418132962454827
        ],
        [
          -0.5829439669683466,
          0.013548318455866962,
          -0.8123993934280267,
          -2.287289046590662
        ],
        [
          0.0,
          0.0,
          0.0,
          1.0
        ]
      ]
    },
    {
      "file_path": "./train/000053.jpg",
      "transform_matrix": [
        [
          0.7716542912388805,
          0.23754892299486421,
          -0.5900170878852586,
          -2.327279035839529
        ],
        [
          0.18275554980146533,
          -0.9713290835097893,
          -0.15205334769348938,
          0.10619368774958061
        ],
        [
          -0.609220866213055,
          0.009503720956188712,
          -0.7929436395221302,
          -2.1084617856876124
        ],
        [
          0.0,
          0.0,
          0.0,
          1.0
        ]
      ]
    },
    {
      "file_path": "./train/000054.jpg",
      "transform_matrix": [
        [
          0.7398170732118662,
          0.2441251368936309,
          -0.6269558323525621,
          -2.614685552885084
        ],
        [
          0.18190315316771244,
          -0.9697219321681373,
          -0.16294360110092762,
          0.10439582803357449
        ],
        [
          -0.6477514500577146,
          0.006503215263271308,
          -0.761823973854438,
          -1.8975723626346692
        ],
        [
          0.0,
          0.0,
          0.0,
          1.0
        ]
      ]
    },
    {
      "file_path": "./train/000055.jpg",
      "transform_matrix": [
        [
          0.6749567847807829,
          0.2541368605898485,
          -0.6927104696537537,
          -2.9471495329445485
        ],
        [
          0.18059315091442185,
          -0.9671583661670603,
          -0.1788597455993477,
          0.10093496490356864
        ],
        [
          -0.7154155802896586,
          -0.004376167569735977,
          -0.6986854776193737,
          -1.6510246387282028
        ],
        [
          0.0,
          0.0,
          0.0,
          1.0
        ]
      ]
    },
    {
      "file_path": "./train/000056.jpg",
      "transform_matrix": [
        [
          0.6034407983424558,
          0.2697581365447787,
          -0.7503930641095427,
          -3.17936783303901
        ],
        [
          0.18214562388973374,
          -0.9627916405066483,
          -0.19963774359658717,
          0.09646238551980973
        ],
        [
          -0.7763260749154566,
          -0.01621125344955055,
          -0.6301230202650553,
          -1.4089041974364673
        ],
        [
          0.0,
          0.0,
          0.0,
          1.0
        ]
      ]
    },
    {
      "file_path": "./train/000059.jpg",
      "transform_matrix": [
        [
          0.3093585592161053,
          0.32266038909093475,
          -0.8945320313725058,
          -3.5968424398434697
        ],
        [
          0.18692865068248524,
          -0.9429569039432738,
          -0.275481318531295,
          -0.01751539318244198
        ],
        [
          -0.9323920642056971,
          -0.08199116182493077,
          -0.3520262603682248,
          -0.6496163266935583
        ],
        [
          0.0,
          0.0,
          0.0,
          1.0
        ]
      ]
    },
    {
      "file_path": "./train/000060.jpg",
      "transform_matrix": [
        [
          0.22771567480066943,
          0.33461516971301375,
          -0.9144278318424076,
          -3.7981402257055823
        ],
        [
          0.19122864203394468,
          -0.9361803219048934,
          -0.294954252967988,
          -0.08271410088003893
        ],
        [
          -0.9547655093874774,
          -0.10769908577133527,
          -0.2771709382458583,
          -0.33630537148285616
        ],
        [
          0.0,
          0.0,
          0.0,
          1.0
        ]
      ]
    },
    {
      "file_path": "./train/000061.jpg",
      "transform_matrix": [
        [
          0.25432914637618304,
          0.34075687612192346,
          -0.9050974735790559,
          -3.9503998653100005
        ],
        [
          0.21481227719550666,
          -0.9323972663062616,
          -0.29067339635868084,
          -0.26079758808469694
        ],
        [
          -0.9429593686207496,
          -0.12049933261324781,
          -0.31033456135293574,
          -0.2524203164165004
        ],
        [
          0.0,
          0.0,
          0.0,
          1.0
        ]
      ]
    },
    {
      "file_path": "./train/000062.jpg",
      "transform_matrix": [
        [
          0.25061950050185494,
          0.3002976701600202,
          -0.920332100529295,
          -3.992761158015044
        ],
        [
          0.21827098471734016,
          -0.9437213267749512,
          -0.24849111577810656,
          -0.35652968525384476
        ],
        [
          -0.9431583341087135,
          -0.1386050745340497,
          -0.3020612357034367,
          -0.16734416175010416
        ],
        [
          0.0,
          0.0,
          0.0,
          1.0
        ]
      ]
    },
    {
      "file_path": "./train/000063.jpg",
      "transform_matrix": [
        [
          0.1350767124018213,
          0.28823551720510787,
          -0.9479844768709135,
          -3.98476862081635
        ],
        [
          0.1952054413382248,
          -0.9457431981323203,
          -0.2597395596716054,
          -0.3486475336106371
        ],
        [
          -0.9714160372562646,
          -0.1499669623882357,
          -0.1840130233254727,
          0.14811770441011549
        ],
        [
          0.0,
          0.0,
          0.0,
          1.0
        ]
      ]
    },
    {
      "file_path": "./train/000064.jpg",
      "transform_matrix": [
        [
          -0.06462879535458335,
          0.28479066848793255,
          -0.9564085915304251,
          -4.038958726098879
        ],
        [
          0.15947429224751639,
          -0.9431472650679521,
          -0.29161822046469615,
          -0.3514067188826155
        ],
        [
          -0.9850842953388144,
          -0.1713695175258393,
          0.01553768128750151,
          0.5484521411250961
        ],
        [
          0.0,
          0.0,
          0.0,
          1.0
        ]
      ]
    },
    {
      "file_path": "./train/000067.jpg",
      "transform_matrix": [
        [
          -0.5103150985367653,
          0.26275643379908015,
          -0.8188635763682501,
          -3.8499248356226103
        ],
        [
          0.08012390474224183,
          -0.933512336507472,
          -0.34947800714382055,
          -0.4488299082649233
        ],
        [
          -0.8562468453047096,
          -0.24395445084185235,
          0.45533236851796804,
          1.6806976119329686
        ],
        [
          0.0,
          0.0,
          0.0,
          1.0
        ]
      ]
    },
    {
      "file_path": "./train/000068.jpg",
      "transform_matrix": [
        [
          -0.5819393778168986,
          0.2566361083763852,
          -0.7716764013649149,
          -3.668098448345425
        ],
        [
          0.07258636660274861,
          -0.928721499527748,
          -0.3636036244296014,
          -0.44460937083561897
        ],
        [
          -0.8099862837909617,
          -0.26760845314069504,
          0.5218313289542438,
          2.0089390281998654
        ],
        [
          0.0,
          0.0,
          0.0,
          1.0
        ]
      ]
    },
    {
      "file_path": "./train/000069.jpg",
      "transform_matrix": [
        [
          -0.6234636631335229,
          0.2577959603380398,
          -0.7381289207079724,
          -3.3670928770276105
        ],
        [
          0.06867527708538035,
          -0.9223715038987931,
          -0.38015064791832853,
          -0.4537070409239812
        ],
        [
          -0.7788303840178391,
          -0.2877013236480961,
          0.5573609075830113,
          2.3259702903275215
        ],
        [
          0.0,
          0.0,
          0.0,
          1.0
        ]
      ]
    },
    {
      "file_path": "./train/000070.jpg",
      "transform_matrix": [
        [
          -0.6441400991211426,
          0.2717905120761304,
          -0.7149919232058493,
          -3.0394391978930955
        ],
        [
          0.0723094976513947,
          -0.908920106674663,
          -0.4106526223365948,
          -0.4726133599709087
        ],
        [
          -0.761482021622052,
          -0.31621852764807096,
          0.5658188522119766,
          2.5128443458921486
        ],
        [
          0.0,
          0.0,
          0.0,
          1.0
        ]
      ]
    },
    {
      "file_path": "./train/000071.jpg",
      "transform_matrix": [
        [
          -0.6607660210809835,
          0.2775811886661803,
          -0.6973786267756384,
          -2.7557173131073096
        ],
        [
          0.0816186177988288,
          -0.897023894960721,
          -0.4343806315872134,
          -0.4554544743496585
        ],
        [
          -0.7461411841021869,
          -0.3439430411684006,
          0.570067116941872,
          2.6065860962718443
        ],
        [
          0.0,
          0.0,
          0.0,
          1.0
        ]
      ]
    },
    {
      "file_path": "./train/000072.jpg",
      "transform_matrix": [
        [
          -0.6997040442177062,
          0.26624770411989146,
          -0.6629678804861311,
          -2.5138204902399783
        ],
        [
          0.08005362844305147,
          -0.8929013879943924,
          -0.44307846696808595,
          -0.5440356627111828
        ],
        [
          -0.7099335652569809,
          -0.36309677961746517,
          0.6034526174878502,
          2.9132843827786883
        ],
        [
          0.0,
          0.0,
          0.0,
          1.0
        ]
      ]
    },
    {
      "file_path": "./train/000075.jpg",
      "transform_matrix": [
        [
          -0.8395086983910183,
          0.1720900390344997,
          -0.5153738097642544,
          -1.6037414979022426
        ],
        [
          0.08419345464499418,
          -0.8958609423411378,
          -0.43628503777070987,
          -0.7423053662506781
        ],
        [
          -0.5367835760534768,
          -0.4096561856639697,
          0.7375941987478534,
          3.904080986309946
        ],
        [
          0.0,
          0.0,
          0.0,
          1.0
        ]
      ]
    },
    {
      "file_path": "./train/000076.jpg",
      "transform_matrix": [
        [
          -0.8470658420538649,
          0.15593435730429595,
          -0.5080983521304443,
          -1.3074875384148545
        ],
        [
          0.09301919834497553,
          -0.8977413923159671,
          -0.4305900849553401,
          -0.7982889092723741
        ],
        [
          -0.5232847102341468,
          -0.41200105428831735,
          0.7459411795178492,
          4.221296230690368
        ],
        [
          0.0,
          0.0,
          0.0,
          1.0
        ]
      ]
    },
    {
      "file_path": "./train/000077.jpg",
      "transform_matrix": [
        [
          -0.8590952125671099,
          0.1437805404124762,
          -0.4912052238555373,
          -1.0115385172468485
        ],
        [
          0.09217394338177805,
          -0.9005754088510706,
          -0.42481513289215533,
          -0.8428782453600624
        ],
        [
          -0.5034474946861143,
          -0.41023296938620507,
          0.7604272029082416,
          4.639360318102095
        ],
        [
          0.0,
          0.0,
          0.0,
          1.0
        ]
      ]
    },
    {
      "file_path": "./train/000078.jpg",
      "transform_matrix": [
        [
          -0.8640838011000933,
          0.13664498845051695,
          -0.48444538578437424,
          -0.7003734176982044
        ],
        [
          0.09265912573907807,
          -0.9028164370740266,
          -0.419924716307852,
          -0.8754497499635266
        ],
        [
          -0.4947458651607742,
          -0.4077384309582778,
          0.7674476534761169,
          4.962350048548623
        ],
        [
          0.0,
          0.0,
          0.0,
          1.0
        ]
      ]
    },
    {
      "file_path": "./train/000079.jpg",
      "transform_matrix": [
        [
          -0.894276485942328,
          0.125581434291474,
          -0.4295333165796773,
          -0.47470832517996886
        ],
        [
          0.07434472510740875,
          -0.904791573667957,
          -0.4193150010054086,
          -0.8512059918518077
        ],
        [
          -0.44129630469713294,
          -0.4069170819476101,
          0.7997975117990157,
          5.195593050418983
        ],
        [
          0.0,
          0.0,
          0.0,
          1.0
        ]
      ]
    },
    {
      "file_path": "./train/000080.jpg",
      "transform_matrix": [
        [
          -0.9408979461977063,
          0.10181970819739797,
          -0.3230229122887951,
          -0.271327426474555
        ],
        [
          0.04463976491871413,
          -0.9081399534156113,
          -0.41628009368488084,
          -0.7681403967978122
        ],
        [
          -0.33573553018550156,
          -0.40609675205902346,
          0.8499218091908056,
          5.300727774388072
        ],
        [
          0.0,
          0.0,
          0.0,
          1.0
        ]
      ]
    },
    {
      "file_path": "./train/000083.jpg",
      "transform_matrix": [
        [
          -0.8416810193036625,
          0.10527974425643173,
          -0.5296123461488106,
          -0.4445729377361465
        ],
        [
          0.06983675915518325,
          -0.9513471815946969,
          -0.3001022611419777,
          -0.6976425556825899
        ],
        [
          -0.5354399021502304,
          -0.28957678691691974,
          0.7933784693727353,
          4.796063463445719
        ],
        [
          0.0,
          0.0,
          0.0,
          1.0
        ]
      ]
    },
    {
      "file_path": "./train/000084.jpg",
      "transform_matrix": [
        [
          -0.8239027204350615,
          0.12833769473021606,
          -0.552008825446694,
          -0.7557331721495275
        ],
        [
          0.045533818937020513,
          -0.9558830549337254,
          -0.29019692731588176,
          -0.7245137705859671
        ],
        [
          -0.5648990870878758,
          -0.2642291077869779,
          0.7817109440230336,
          4.494255945637524
        ],
        [
          0.0,
          0.0,
          0.0,
          1.0
        ]
      ]
    },
    {
      "file_path": "./train/000085.jpg",
      "transform_matrix": [
        [
          -0.7988860111656705,
          0.14951736174273478,
          -0.5826025229101709,
          -1.018362324300114
        ],
        [
          0.026486032625724635,
          -0.9589267080675443,
          -0.28241469266044167,
          -0.7342405144341909
        ],
        [
          -0.6008990191700708,
          -0.24104797674370723,
          0.7621130110870776,
          4.179131594773268
        ],
        [
          0.0,
          0.0,
          0.0,
          1.0
        ]
      ]
    },
    {
      "file_path": "./train/000086.jpg",
      "transform_matrix": [
        [
          -0.7191838828441867,
          0.1745394575678794,
          -0.6725403485361073,
          -1.3824759860223759
        ],
        [
          0.02647346430768875,
          -0.9603487499736615,
          -0.27754177003034214,
          -0.6983430796678745
        ],
        [
          -0.6943152730170263,
          -0.21740804073432105,
          0.6860466787904123,
          3.894065376633908
        ],
        [
          0.0,
          0.0,
          0.0,
          1.0
        ]
      ]
    },
    {
      "file_path": "./train/000087.jpg",
      "transform_matrix": [
        [
          -0.6400389748523043,
          0.19588215660004718,
          -0.7429537612770565,
          -1.6884508788840398
        ],
        [
          0.023955524530334234,
          -0.9613990431300803,
          -0.2741131385268555,
          -0.6576781027741662
        ],
        [
          -0.7679689079087041,
          -0.1932409392294529,
          0.6106403981814755,
          3.54588739375834
        ],
        [
          0.0,
          0.0,
          0.0,
          1.0
        ]
      ]
    },
    {
      "file_path": "./train/000088.jpg",
      "transform_matrix": [
        [
          -0.6112836923141824,
          0.21458034103662224,
          -0.7617660564447238,
          -2.061071013220389
        ],
        [
          0.009393487279785456,
          -0.9605059526003205,
          -0.2781008403728322,
          -0.6357348116668821
        ],
        [
          -0.7913558048738021,
          -0.1771541483001679,
          0.5851259674912553,
          3.2072770083316944
        ],
        [
          0.0,
          0.0,
          0.0,
          1.0
        ]
      ]
    },
    {
      "file_path": "./train/000091.jpg",
      "transform_matrix": [
        [
          -0.7386189853309889,
          0.26159255069387016,
          -0.6212981023068512,
          -2.289693021656794
        ],
        [
          -0.04962527828789662,
          -0.940237693832075,
          -0.33688337871166935,
