{
  "camera_angle_x": 0.8982269989279291,
  "camera_angle_y": 0.6204925421330122,
  "w": 3115,
  "h": 2078,
  "frames": [
    {
      "file_path": "./train/DSCF0658.JPG",
      "transform_matrix": [
        [
          0.660219586565919,
          0.21331806487288538,
          -0.720142694688778,
          -3.3423470718398547
        ],
        [
          0.4077273863961059,
          -0.9070323205905525,
          0.10512253700666495,
          1.9798095023555027
        ],
        [
          -0.6307681633511059,
          -0.3630258566590051,
          -0.6858161207639172,
          -0.9864374407142349
        ],
        [
          0.0,
          0.0,
          0.0,
          1.0
        ]
      ]
    },
    {
      "file_path": "./train/DSCF0659.JPG",
      "transform_matrix": [
        [
          0.6941353163596232,
          0.21230693764377162,
          -0.6878240522187702,
          -3.2436580587742228
        ],
        [
          0.3908120789696639,
          -0.9135810747622851,
          0.11240791238875134,
          2.0556785701510254
        ],
        [
          -0.6045180572271889,
          -0.34683624964024695,
          -0.7171210040305287,
          -1.0996525105458352
        ],
        [
          0.0,
          0.0,
          0.0,
          1.0
        ]
      ]
    },
    {
      "file_path": "./train/DSCF0660.JPG",
      "transform_matrix": [
        [
          0.7343463416093016,
          0.20376532467924674,
          -0.6474682563828099,
          -3.1104703724759966
        ],
        [
          0.3707431084379142,
          -0.9194308975919958,
          0.1311349385136169,
          2.1035254395472855
        ],
        [
          -0.5685815668053511,
          -0.33634285634087463,
          -0.7507253058726832,
          -1.23131891546309
        ],
        [
          0.0,
          0.0,
          0.0,
          1.0
        ]
      ]
    },
    {
      "file_path": "./train/DSCF0661.JPG",
      "transform_matrix": [
        [
          0.7578262657939061,
          0.2022581073978977,
          -0.6203152495825687,
          -2.9459899576376394
        ],
        [
          0.35287700892958906,
          -0.9267440708053066,
          0.1289311591358565,
          2.16659238484796
        ],
        [
          -0.5487961073493239,
          -0.31660240873851436,
          -0.7736832344953587,
          -1.3425728665828294
        ],
        [
          0.0,
          0.0,
          0.0,
          1.0
        ]
      ]
    },
    {
      "file_path": "./train/DSCF0662.JPG",
      "transform_matrix": [
        [
          0.7866159400641786,
          0.18594294096221947,
          -0.5887788935952689,
          -2.7987085774939615
        ],
        [
          0.3310544912752297,
          -0.9319365538305562,
          0.14797696929226992,
          2.2224755617984346
        ],
        [
          -0.5211893002004621,
          -0.31131893990046133,
          -0.7946333940980618,
          -1.4678032863409773
        ],
        [
          0.0,
          0.0,
          0.0,
          1.0
        ]
      ]
    },
    {
      "file_path": "./train/DSCF0663.JPG",
      "transform_matrix": [
        [
          0.8208356598414109,
          0.1822386752851793,
          -0.5413112642122079,
          -2.6589053375983647
        ],
        [
          0.31253856838519245,
          -0.9365674774259859,
          0.15862220367798352,
          2.28762065693878
        ],
        [
          -0.47806742495640725,
          -0.29938340878917835,
          -0.8257245979970088,
          -1.578148672334306
        ],
        [
          0.0,
          0.0,
          0.0,
          1.0
        ]
      ]
    },
    {
      "file_path": "./train/DSCF0666.JPG",
      "transform_matrix": [
        [
          0.8866661555423259,
          0.1592723118843061,
          -0.43411456930494763,
          -2.149429270512554
        ],
        [
          0.25911306127759187,
          -0.9487050994250171,
          0.18116030415166318,
          2.4497073478569056
        ],
        [
          -0.38299288517039937,
          -0.27311346541684195,
          -0.8824542395596822,
          -1.8403281972330472
        ],
        [
          0.0,
          0.0,
          0.0,
          1.0
        ]
      ]
    },
    {
      "file_path": "./train/DSCF0667.JPG",
      "transform_matrix": [
        [
          0.9116163886758655,
          0.15723372584713097,
          -0.3797803514583171,
          -1.9511868468526605
        ],
        [
          0.24108026554399994,
          -0.9528673563311534,
          0.18418497985371465,
          2.5030679012941217
        ],
        [
          -0.3329202088531247,
          -0.25946359416054515,
          -0.9065554466454236,
          -1.9249310712568746
        ],
        [
          0.0,
          0.0,
          0.0,
          1.0
        ]
      ]
    },
    {
      "file_path": "./train/DSCF0668.JPG",
      "transform_matrix": [
        [
          0.9274384966337774,
          0.15390298829697804,
          -0.3408397059541906,
          -1.7582079112500915
        ],
        [
          0.23029188309570553,
          -0.9531255141091642,
          0.19625851047629825,
          2.5553613232693504
        ],
        [
          -0.2946582487253882,
          -0.26051031562569965,
          -0.9194079028976669,
          -1.9820891876739724
        ],
        [
          0.0,
          0.0,
          0.0,
          1.0
        ]
      ]
    },
    {
      "file_path": "./train/DSCF0669.JPG",
      "transform_matrix": [
        [
          0.9467301044556146,
          0.14230959906097354,
          -0.2888772876717136,
          -1.578118838778139
        ],
        [
          0.205485090280474,
          -0.9576581605021134,
          0.20165992486394974,
          2.606655330788005
        ],
        [
          -0.24794754886847836,
          -0.25027749726815907,
          -0.9358863111357598,
          -2.027055217824633
        ],
        [
          0.0,
          0.0,
          0.0,
          1.0
        ]
      ]
    },
    {
      "file_path": "./train/DSCF0670.JPG",
      "transform_matrix": [
        [
          0.9629034517005832,
          0.12488888141282543,
          -0.2392064171433446,
          -1.3826464053482297
        ],
        [
          0.17711668810486225,
          -0.9612877610251402,
          0.21108178343485198,
          2.66446271859717
        ],
        [
          -0.20358443333876847,
          -0.2456188262383933,
          -0.9477472082255936,
          -2.0466480567516383
        ],
        [
          0.0,
          0.0,
          0.0,
          1.0
        ]
      ]
    },
    {
      "file_path": "./train/DSCF0671.JPG",
      "transform_matrix": [
        [
          0.9730270875613919,
          0.1203506462589734,
          -0.19680957501311472,
          -1.1808184017302767
        ],
        [
          0.16219387906801436,
          -0.9635720182921991,
          0.21265491096414468,
          2.693310196061724
        ],
        [
          -0.16404704344993767,
          -0.23884029708017326,
          -0.9571018127795959,
          -2.0840749556554403
        ],
        [
          0.0,
          0.0,
          0.0,
          1.0
        ]
      ]
    },
    {
      "file_path": "./train/DSCF0674.JPG",
      "transform_matrix": [
        [
          0.9935785879851233,
          0.07518530173931538,
          -0.08455033944258727,
          -0.6052285750731093
        ],
        [
          0.08997715716158652,
          -0.9781217090131069,
          0.18756874352193714,
          2.688315150212943
        ],
        [
          -0.06859810993466064,
          -0.1939718865187612,
          -0.9786057462296781,
          -2.365014043760801
        ],
        [
          0.0,
          0.0,
          0.0,
          1.0
        ]
      ]
    },
    {
      "file_path": "./train/DSCF0675.JPG",
      "transform_matrix": [
        [
          0.9969687610987967,
          0.05970591629144881,
          -0.04988479681153791,
          -0.4656639779206298
        ],
        [
          0.06736169795210659,
          -0.983235554777728,
          0.16944097931121155,
          2.631151445918603
        ],
        [
          -0.038931876940870414,
          -0.1722876878384865,
          -0.9842770248142181,
          -2.481345675462968
        ],
        [
          0.0,
          0.0,
          0.0,
          1.0
        ]
      ]
    },
    {
      "file_path": "./train/DSCF0676.JPG",
      "transform_matrix": [
        [
          0.9980854995059447,
          0.05469879650637247,
          -0.028868275610496628,
          -0.3947077261581163
        ],
        [
          0.058659935796072385,
          -0.9851269633045022,
          0.161505040487443,
          2.517795381649667
        ],
        [
          -0.019604785343629874,
          -0.1628892502014924,
          -0.9864495651377346,
          -2.5983625965327635
        ],
        [
          0.0,
          0.0,
          0.0,
          1.0
        ]
      ]
    },
    {
      "file_path": "./train/DSCF0677.JPG",
      "transform_matrix": [
        [
          0.9972100934932215,
          0.0637506233763158,
          -0.03883152655216393,
          -0.42079473090461944
        ],
        [
          0.06811645813656379,
          -0.9899336742645838,
          0.12406235806218797,
          2.420854437501209
        ],
        [
          -0.030531583093086193,
          -0.12636130173495336,
          -0.9915143185338666,
          -2.6864524343693454
        ],
        [
          0.0,
          0.0,
          0.0,
          1.0
        ]
      ]
    },
    {
      "file_path": "./train/DSCF0678.JPG",
      "transform_matrix": [
        [
          0.9926943039025666,
          0.09062510708080136,
          -0.07965619226395397,
          -0.5267466204748201
        ],
        [
          0.09875256710685698,
          -0.9895743317401091,
          0.10483593110628724,
          2.280453718370217
        ],
        [
          -0.06932495574614113,
          -0.11193628512555606,
          -0.9912942643751581,
          -2.7821741324675484
        ],
        [
          0.0,
          0.0,
          0.0,
          1.0
        ]
      ]
    },
    {
      "file_path": "./train/DSCF0679.JPG",
      "transform_matrix": [
        [
          0.9889214154364488,
          0.10110816933087757,
          -0.1086810571614444,
          -0.6742641741810829
        ],
        [
          0.11048002517168912,
          -0.9903246381866142,
          0.08397187051992176,
          2.1372790580147094
        ],
        [
          -0.09913928650758738,
          -0.09504866698228939,
          -0.9905236760298345,
          -2.8523009406014777
        ],
        [
          0.0,
          0.0,
          0.0,
          1.0
        ]
      ]
    },
    {
      "file_path": "./train/DSCF0682.JPG",
      "transform_matrix": [
        [
          0.9484980541345726,
          0.18458962506243462,
          -0.2574453565754085,
          -1.2896525918339916
        ],
        [
          0.19822677854500192,
          -0.9797610890373364,
          0.027827193103932495,
          1.8349633989362253
        ],
        [
          -0.24709833178433274,
          -0.07742660219641953,
          -0.9658920931976394,
          -2.8033920648380093
        ],
        [
          0.0,
          0.0,
          0.0,
          1.0
        ]
      ]
    },
    {
      "file_path": "./train/DSCF0683.JPG",
      "transform_matrix": [
        [
          0.924594187851536,
          0.22356507984431942,
          -0.3084546042213695,
          -1.5811060389249765
        ],
        [
          0.2387393927811156,
          -0.9710114640013869,
          0.011842259598055382,
          1.7416795867384378
        ],
        [
          -0.2968654411103839,
          -0.08458954930774015,
          -0.9511653473619877,
          -2.714313262699685
        ],
        [
          0.0,
          0.0,
          0.0,
          1.0
        ]
      ]
    },
    {
      "file_path": "./train/DSCF0684.JPG",
      "transform_matrix": [
        [
          0.8959478064450659,
          0.2563381485954018,
          -0.3627234231490383,
          -1.8030588269609074
        ],
        [
          0.2693709548646335,
          -0.9629175406198435,
          -0.015136004821202831,
          1.7029111959511876
        ],
        [
          -0.353152681996881,
          -0.08414608452752634,
          -0.9317739101612024,
          -2.6441611574129222
        ],
        [
          0.0,
          0.0,
          0.0,
          1.0
        ]
      ]
    },
    {
      "file_path": "./train/DSCF0685.JPG",
      "transform_matrix": [
        [
          0.8726052217423786,
          0.2714940599864069,
          -0.4060185985641932,
          -2.0506229928543585
        ],
        [
          0.29134230048430587,
          -0.9565242133041365,
          -0.013457091491678617,
          1.6971946296130194
        ],
        [
          -0.39202014098314725,
          -0.10654766424000224,
          -0.9137657272564742,
          -2.6036566388032742
        ],
        [
          0.0,
          0.0,
          0.0,
          1.0
        ]
      ]
    },
    {
      "file_path": "./train/DSCF0686.JPG",
      "transform_matrix": [
        [
          0.8469971536090012,
          0.28581042242104476,
          -0.44822787085784177,
          -2.316115911861423
        ],
        [
          0.31254157990278214,
          -0.9497851719339113,
          -0.015029571063187353,
          1.6891817318279627
        ],
        [
          -0.4300157934426629,
          -0.12735984300388614,
          -0.8937929781442134,
          -2.514161382829776
        ],
        [
          0.0,
          0.0,
          0.0,
          1.0
        ]
      ]
    },
    {
      "file_path": "./train/DSCF0687.JPG",
      "transform_matrix": [
        [
          0.8133552721964208,
          0.2984480133559096,
          -0.4993816020982322,
          -2.5589991404871384
        ],
        [
          0.3325445984014674,
          -0.9428344411764074,
          -0.021847347792774762,
          1.692361518541446
        ],
        [
          -0.47735447129391495,
          -0.1482969988080758,
          -0.8661066382843539,
          -2.364810512256995
        ],
        [
          0.0,
          0.0,
          0.0,
          1.0
        ]
      ]
    },
    {
      "file_path": "./train/DSCF0690.JPG",
      "transform_matrix": [
        [
          0.6960977132163714,
          0.364974597989652,
          -0.618256836983814,
          -3.127071421945393
        ],
        [
          0.4206698899521158,
          -0.9051795385733871,
          -0.06071940905299376,
          1.5662197893753194
        ],
        [
          -0.5817944803301361,
          -0.21781539378648587,
          -0.7836272308228097,
          -1.8714777477211273
        ],
        [
          0.0,
          0.0,
          0.0,
          1.0
        ]
      ]
    },
    {
      "file_path": "./train/DSCF0691.JPG",
      "transform_matrix": [
        [
          0.635538575993617,
          0.39122916074752395,
          -0.6656053351685169,
          -3.301624938243227
        ],
        [
          0.46300560138240293,
          -0.883010957853064,
          -0.07692503753612161,
          1.450098050218254
        ],
        [
          -0.6178321224349905,
          -0.25929016967907287,
          -0.742328819590936,
          -1.6665910327598215
        ],
        [
          0.0,
          0.0,
          0.0,
          1.0
        ]
      ]
    },
    {
      "file_path": "./train/DSCF0692.JPG",
      "transform_matrix": [
        [
          0.579629996674013,
          0.40741507794321413,
          -0.7057209230426772,
          -3.486290979780468
        ],
        [
          0.48677635909722466,
          -0.8676567167744266,
          -0.10109697354655216,
          1.392046285866299
        ],
        [
          -0.6535119304035185,
          -0.28492942301690627,
          -0.7012398881406557,
          -1.4465827505604691
        ],
        [
          0.0,
          0.0,
          0.0,
          1.0
        ]
      ]
    },
    {
      "file_path": "./train/DSCF0693.JPG",
      "transform_matrix": [
        [
          0.5206791329221347,
          0.41831430299140593,
          -0.7442488726577073,
          -3.6689515254388763
        ],
        [
          0.5096391994311008,
          -0.851673465584107,
          -0.12214824772866657,
          1.3294593819514433
        ],
        [
          -0.6849533757436932,
          -0.3156983559234529,
          -0.6566379680802413,
          -1.2243711243296298
        ],
        [
          0.0,
          0.0,
          0.0,
          1.0
        ]
      ]
    },
    {
      "file_path": "./train/DSCF0694.JPG",
      "transform_matrix": [
        [
          0.47755185277428475,
          0.4112761222843504,
          -0.77639949713443,
          -3.8328964102461534
        ],
        [
          0.5251781518104615,
          -0.8420527359233668,
          -0.12302478931061393,
          1.2159145353995564
        ],
        [
          -0.7043664790240913,
          -0.34899733689918194,
          -0.6181170779589278,
          -1.0176291566586964
        ],
        [
          0.0,
          0.0,
          0.0,
          1.0
        ]
      ]
    },
    {
      "file_path": "./train/DSCF0695.JPG",
      "transform_matrix": [
        [
          0.4471074677367162,
          0.42612500826199196,
          -0.7864555865576761,
          -3.9566763305433694
        ],
        [
          0.5333877885737548,
          -0.8328206439546402,
          -0.14801095230886685,
          1.074241415744445
        ],
        [
          -0.7180476163141694,
          -0.35330900404135673,
          -0.5996502050102575,
          -0.9207076421564617
        ],
        [
          0.0,
          0.0,
          0.0,
          1.0
        ]
      ]
    },
    {
      "file_path": "./train/DSCF0698.JPG",
      "transform_matrix": [
        [
          0.45033037781176094,
          0.5166236826886279,
          -0.728218731773055,
          -4.01380858003602
        ],
        [
          0.5256180829534685,
          -0.8126920842244716,
          -0.25150985489877914,
          0.40655691911596764
        ],
        [
          -0.7217535463662351,
          -0.2695024057854109,
          -0.6375266830365914,
          -1.123735883842514
        ],
        [
          0.0,
          0.0,
          0.0,
          1.0
        ]
      ]
    },
    {
      "file_path": "./train/DSCF0699.JPG",
      "transform_matrix": [
        [
          0.4811765127718793,
          0.5326992949368743,
          -0.6962044417629425,
          -3.9416368833426754
        ],
        [
          0.5031433613451688,
          -0.8181731111821863,
          -0.2782795681913187,
          0.2597370330991932
        ],
        [
          -0.7178550839068973,
          -0.21638905081408055,
          -0.6617097983231038,
          -1.3185394468705605
        ],
        [
          0.0,
          0.0,
          0.0,
          1.0
        ]
      ]
    },
    {
      "file_path": "./train/DSCF0700.JPG",
      "transform_matrix": [
        [
          0.5290566514233599,
          0.5382142853184045,
          -0.6560674071037979,
          -3.8106129413731487
        ],
        [
          0.4873803733027403,
          -0.8256177817632634,
          -0.2842809352657854,
          0.1534480043787545
        ],
        [
          -0.6946649777439359,
          -0.16935365811079256,
          -0.6991136582706061,
          -1.5432303988589977
        ],
        [
          0.0,
          0.0,
          0.0,
          1.0
        ]
      ]
    },
    {
      "file_path": "./train/DSCF0701.JPG",
      "transform_matrix": [
        [
          0.582704746414133,
          0.5393446015688452,
          -0.6079165890687509,
          -3.598215008194828
        ],
        [
          0.46525191754332323,
          -0.8347150599898481,
          -0.29460383882156893,
          0.10604734034058988
        ],
        [
          -0.6663301221832176,
          -0.11116730357748045,
          -0.7373235374559871,
          -1.7486888571867487
        ],
        [
          0.0,
          0.0,
          0.0,
          1.0
        ]
      ]
    },
    {
      "file_path": "./train/DSCF0702.JPG",
      "transform_matrix": [
        [
          0.6480089933843304,
          0.5272358477722418,
          -0.5496423430894971,
          -3.268870395596563
        ],
        [
          0.43493982493105526,
          -0.8485856467353426,
          -0.3012137925854386,
          0.18059422240552045
        ],
        [
          -0.6252293124782059,
          -0.04387209795127446,
          -0.7792069980687955,
          -1.9584320693158463
        ],
        [
          0.0,
          0.0,
          0.0,
          1.0
        ]
      ]
    },
    {
      "file_path": "./train/DSCF0703.JPG",
      "transform_matrix": [
        [
          0.6878092272710282,
          0.5195317426115784,
          -0.5069568377088998,
          -3.0278056128401323
        ],
        [
          0.4283388919744624,
          -0.8543250692777433,
          -0.29437131250457965,
          0.20731496412494804
        ],
        [
          -0.5860411764568433,
          -0.014678025158574278,
          -0.8101483167139971,
          -2.149489465598135
        ],
        [
          0.0,
          0.0,
          0.0,
          1.0
        ]
      ]
    },
    {
      "file_path": "./train/DSCF0706.JPG",
      "transform_matrix": [
        [
          0.8121061865542667,
          0.4257605485680917,
          -0.3990131539727533,
          -2.2461918286382585
        ],
        [
          0.33434230905322004,
          -0.8999584139782456,
          -0.2798036337982799,
          0.5498508804399367
        ],
        [
          -0.47822459382307764,
          0.09382328278608923,
          -0.8732115605453205,
          -2.565011843387535
        ],
        [
          0.0,
          0.0,
          0.0,
          1.0
        ]
      ]
    },
    {
      "file_path": "./train/DSCF0707.JPG",
      "transform_matrix": [
        [
          0.8589384423857068,
          0.3732693818405572,
          -0.35056343330756023,
          -2.0069094655697386
        ],
        [
          0.29311367819429074,
          -0.9197281131123066,
          -0.26112175245714414,
          0.653995092235104
        ],
        [
          -0.4198918001669355,
          0.12153257395136752,
          -0.8994001943636245,
          -2.6028822493571897
        ],
        [
          0.0,
          0.0,
          0.0,
          1.0
        ]
      ]
    },
    {
      "file_path": "./train/DSCF0708.JPG",
      "transform_matrix": [
        [
          0.8997933441044604,
          0.3139044158491315,
          -0.3030444779495705,
          -1.7618237943356432
        ],
        [
          0.2495226258742475,
          -0.9399740191671851,
          -0.23278166265302913,
          0.7837890932007624
        ],
        [
          -0.3579251277601678,
          0.13383893679009815,
          -0.9241086201939487,
          -2.642840803546614
        ],
        [
          0.0,
          0.0,
          0.0,
          1.0
        ]
      ]
    },
    {
      "file_path": "./train/DSCF0709.JPG",
      "transform_matrix": [
        [
          0.9334721456850953,
          0.24809500781757393,
          -0.2589954059941266,
          -1.5226119734620127
        ],
        [
          0.20203360246029145,
          -0.9604102649023032,
          -0.19181904636194194,
          0.915883255286731
        ],
        [
          -0.29633119428602417,
          0.12673196189709154,
          -0.9466397588981421,
          -2.687911799542421
        ],
        [
          0.0,
          0.0,
          0.0,
          1.0
        ]
      ]
    },
    {
      "file_path": "./train/DSCF0710.JPG",
      "transform_matrix": [
        [
          0.9582022739435887,
          0.20439033401529552,
          -0.2001824007510442,
          -1.2878009512807185
        ],
        [
          0.1703727354788864,
          -0.9697786097436693,
          -0.17464987572018917,
          1.075376142196655
        ],
        [
          -0.22982935672967705,
          0.13324428484836437,
          -0.9640666093898651,
          -2.7162143394436082
        ],
        [
          0.0,
          0.0,
          0.0,
          1.0
        ]
      ]
    },
    {
      "file_path": "./train/DSCF0711.JPG",
      "transform_matrix": [
        [
          0.9770074109647788,
          0.15401231585472192,
          -0.14743380034769937,
          -1.073864875679268
        ],
        [
          0.13181708013680588,
          -0.9798511875636593,
          -0.15005301601198567,
          1.2058567290668831
        ],
        [
          -0.16757319685470826,
          0.12716861560602008,
          -0.9776233256734116,
          -2.7619468494713324
        ],
        [
          0.0,
          0.0,
          0.0,
          1.0
        ]
      ]
    },
    {
      "file_path": "./train/DSCF0714.JPG",
      "transform_matrix": [
        [
          0.9997858740661478,
          0.010525076311373827,
          -0.017816531268141127,
          -0.5588890213754111
        ],
        [
          0.009658478496904464,
          -0.9987984096048212,
          -0.048046339756579556,
          1.6897997789828603
        ],
        [
          -0.018300814487714118,
          0.047863971205068225,
          -0.9986861971858663,
          -2.841146510565243
        ],
        [
          0.0,
          0.0,
          0.0,
          1.0
        ]
      ]
    },
    {
      "file_path": "./train/DSCF0715.JPG",
      "transform_matrix": [
        [
          0.9995540485009501,
          -0.02661808165381383,
          0.013534469122627285,
          -0.3899878780926883
        ],
        [
          -0.026458197415217637,
          -0.9995795865823103,
          -0.011858072249537163,
          1.844367922255108
        ],
        [
          0.013844418185601828,
          0.011494686468485,
          -0.999838089026465,
          -2.8142378866055644
        ],
        [
          0.0,
          0.0,
          0.0,
          1.0
        ]
      ]
    },
    {
      "file_path": "./train/DSCF0716.JPG",
      "transform_matrix": [
        [
          0.9982075022924712,
          -0.04528263434085175,
          0.039131386305352504,
          -0.26886625486552923
        ],
        [
          -0.0467516390634973,
          -0.9982032286835196,
          0.03747797340670057,
          2.0103086170658218
        ],
        [
          0.03736397478725315,
          -0.039240250673888345,
          -0.9985309890610046,
          -2.812470846377977
        ],
        [
          0.0,
          0.0,
          0.0,
          1.0
        ]
      ]
    },
    {
      "file_path": "./train/DSCF0717.JPG",
      "transform_matrix": [
        [
          0.9970610941424266,
          -0.03782888171316629,
          0.06661944352693625,
          -0.17568705453665004
        ],
        [
          -0.042301389500960546,
          -0.996852049584732,
          0.06705657078174485,
          2.216071839829145
        ],
        [
          0.0638730537378275,
          -0.06967759286205577,
          -0.9955226095168076,
          -2.819022532893513
        ],
        [
          0.0,
          0.0,
          0.0,
          1.0
        ]
      ]
    },
    {
      "file_path": "./train/DSCF0718.JPG",
      "transform_matrix": [
        [
          0.9959666915567056,
          -0.0505506681074295,
          0.07412812734369054,
          -0.07948852723695825
        ],
        [
          -0.05990776296714624,
          -0.9897037626850016,
          0.12999046912532697,
          2.4226891617162023
        ],
        [
          0.06679378149096,
          -0.1339070277507602,
          -0.9887403595854146,
          -2.8514031166457747
        ],
        [
          0.0,
          0.0,
          0.0,
          1.0
        ]
      ]
    },
    {
      "file_path": "./train/DSCF0719.JPG",
      "transform_matrix": [
        [
          0.995665593749423,
          -0.03540789136845045,
          0.08600178284459761,
          -0.05264811861583812
        ],
        [
          -0.049673488339959694,
          -0.9842134879311889,
          0.16987158305750694,
          2.616958650014234
        ],
        [
          0.07862932010229519,
          -0.17340729916345393,
          -0.9817063403162309,
          -2.799557845002768
        ],
        [
          0.0,
          0.0,
          0.0,
          1.0
        ]
      ]
    },
    {
      "file_path": "./train/DSCF0722.JPG",
      "transform_matrix": [
        [
          0.9971971615723917,
          0.0008753512304434724,
          0.07481346611532438,
          -0.0007224767660926014
        ],
        [
          -0.02331582645777484,
          -0.9465022492656935,
          0.3218537934708464,
          3.1278263255361467
        ],
        [
          0.07109284906765485,
          -0.3226960270830843,
          -0.9438289468522552,
          -2.77287363674596
        ],
        [
          0.0,
          0.0,
          0.0,
          1.0
        ]
      ]
    },
    {
      "file_path": "./train/DSCF0723.JPG",
      "transform_matrix": [
        [
          0.7252472401446365,
          -0.2514113339361635,
          0.6409436650993805,
          1.905929390146258
        ],
        [
          -0.38431846650526985,
          -0.9202378260052856,
          0.07390304386223635,
          2.4779170458072706
        ],
        [
          0.5712405421235661,
          -0.29992446508663606,
          -0.7640219619074243,
          -1.803759827882379
        ],
        [
          0.0,
          0.0,
          0.0,
          1.0
        ]
      ]
    },
    {
      "file_path": "./train/DSCF0724.JPG",
      "transform_matrix": [
        [
          0.7011815497261805,
          -0.2644601663628356,
          0.6621217824017976,
          1.9818662075483788
        ],
        [
          -0.3981242392247358,
          -0.9156269062418608,
          0.055896857762167275,
          2.4057333462741557
        ],
        [
          0.5914740268729619,
          -0.30280057624334195,
          -0.7473086956281071,
          -1.7544024472954662
        ],
        [
          0.0,
          0.0,
          0.0,
          1.0
        ]
      ]
    },
    {
      "file_path": "./train/DSCF0725.JPG",
      "transform_matrix": [
        [
          0.6707300355360908,
          -0.28446300148565923,
          0.6849832262293175,
          2.0911271255705306
        ],
        [
          -0.4191863248063791,
          -0.9072750666356646,
          0.033686474386189276,
          2.3230419746291977
        ],
        [
          0.6118856466081513,
          -0.30973013131921845,
          -0.7277796378217134,
          -1.7009654966666707
        ],
        [
          0.0,
          0.0,
          0.0,
          1.0
        ]
      ]
    },
    {
      "file_path": "./train/DSCF0726.JPG",
      "transform_matrix": [
        [
          0.6484861746185752,
          -0.29885611421445835,
          0.7001076376709522,
          2.2090721055776847
        ],
        [
          -0.43097682787517727,
          -0.9022535623164598,
          0.014052868814146677,
          2.2100241727708596
        ],
        [
          0.6274748243262166,
          -0.3108432599943137,
          -0.7138990212578323,
          -1.6572765173830601
        ],
        [
          0.0,
          0.0,
          0.0,
          1.0
        ]
      ]
    },
    {
      "file_path": "./train/DSCF0727.JPG",
      "transform_matrix": [
        [
          0.6265349703123255,
          -0.3043436822158408,
          0.7175157517929739,
          2.3600416974167335
        ],
        [
          -0.449911698493763,
          -0.8929617051692774,
          0.0141016544998768,
          2.065067704271542
        ],
        [
          0.636422339751042,
          -0.3316539102686412,
          -0.6963995184298518,
          -1.6016468209740504
        ],
        [
          0.0,
          0.0,
          0.0,
          1.0
        ]
      ]
    },
    {
      "file_path": "./train/DSCF0730.JPG",
      "transform_matrix": [
        [
          0.5464324847536252,
          -0.32842982362711215,
          0.770418970793323,
          2.829443704479708
        ],
        [
          -0.5027669380756254,
          -0.8643404673697804,
          -0.011872760633058876,
          1.7747361863047444
        ],
        [
          0.6698036619667284,
          -0.3808535248875263,
          -0.6374273660556996,
          -1.1623476473110186
        ],
        [
          0.0,
          0.0,
          0.0,
          1.0
        ]
      ]
    },
    {
      "file_path": "./train/DSCF0731.JPG",
      "transform_matrix": [
        [
          0.5141834277389803,
          -0.32613429529301485,
          0.79325394677387,
          2.934817410089784
        ],
        [
          -0.5116094678924469,
          -0.8589485473527673,
          -0.021520812330815924,
          1.6611049655264212
        ],
        [
          0.6883830002269087,
          -0.3947705845605767,
          -0.6085105016056012,
          -1.0807797336711864
        ],
        [
          0.0,
          0.0,
          0.0,
          1.0
        ]
      ]
    },
    {
      "file_path": "./train/DSCF0732.JPG",
      "transform_matrix": [
        [
          0.49782268081229364,
          -0.3414918084382269,
          0.7972176134773057,
          3.049636664895292
        ],
        [
          -0.5260288433301367,
          -0.84972528371013,
          -0.0355049040063198,
          1.4744725086440658
        ],
        [
          0.68954059666826,
          -0.4016843126054698,
          -0.6026470596900405,
          -1.0315133162869656
        ],
        [
          0.0,
          0.0,
          0.0,
          1.0
        ]
      ]
    },
    {
      "file_path": "./train/DSCF0733.JPG",
      "transform_matrix": [
        [
          0.4724218408090207,
          -0.366591259524237,
          0.8015163459138246,
          3.0810873080680174
        ],
        [
          -0.5243849702210539,
          -0.8478365787296859,
          -0.0786990392203474,
          1.3083833385489114
        ],
        [
          0.7084052564266309,
          -0.3831239802053309,
          -0.592771463937616,
          -0.994211890910155
        ],
        [
          0.0,
          0.0,
          0.0,
          1.0
        ]
      ]
    },
    {
      "file_path": "./train/DSCF0734.JPG",
      "transform_matrix": [
        [
          0.46057876955130533,
          -0.40252471308586885,
          0.7911011644497461,
          3.116441735174603
        ],
        [
          -0.5301949190032096,
          -0.8395542290115818,
          -0.11849913253669274,
          1.0831737976400286
        ],
        [
          0.7118711575150279,
          -0.36485963315213094,
          -0.6000974114211016,
          -1.02277044607116
        ],
        [
          0.0,
          0.0,
          0.0,
          1.0
        ]
      ]
    },
    {
      "file_path": "./train/DSCF0735.JPG",
      "transform_matrix": [
        [
          0.4603083167062564,
          -0.4318314096106388,
          0.7756532003703338,
          3.139620990572319
        ],
        [
          -0.5354949039776675,
          -0.831932043720087,
          -0.14537634761427978,
          0.8564002840166023
        ],
        [
          0.7080688253164387,
          -0.3484403941930496,
          -0.6141887578827788,
          -1.121717418976784
        ],
        [
          0.0,
          0.0,
          0.0,
          1.0
        ]
      ]
    },
    {
      "file_path": "./train/DSCF0738.JPG",
      "transform_matrix": [
        [
          0.4978724296749478,
          -0.507292759268317,
          0.7034039381205521,
          2.9069383463161134
        ],
        [
          -0.5275896675173282,
          -0.8208929812381468,
          -0.21859518769383418,
          0.6874817074282611
        ],
        [
          0.6883111117064138,
          -0.26227613263102095,
          -0.6763424012684669,
          -1.6102575698464519
        ],
        [
          0.0,
          0.0,
          0.0,
          1.0
        ]
      ]
    },
    {
      "file_path": "./train/DSCF0739.JPG",
      "transform_matrix": [
        [
          0.5298940406105359,
          -0.5033290679757451,
          0.6825482803846973,
          2.7222643513361424
        ],
        [
          -0.512848229167618,
          -0.8311766972585625,
          -0.21478359288825163,
          0.8179866410949452
        ],
        [
          0.6754250510345896,
          -0.23623113102429083,
          -0.6985669997716084,
          -1.7109731981766216
        ],
        [
          0.0,
          0.0,
          0.0,
          1.0
        ]
      ]
    },
    {
      "file_path": "./train/DSCF0740.JPG",
      "transform_matrix": [
        [
          0.569723919586054,
          -0.5131907513464454,
          0.6419111372954781,
          2.486853798518498
        ],
        [
          -0.5038401929336508,
          -0.8351743508675746,
          -0.22051953119283316,
          0.9521907602475548
        ],
        [
          0.6492763013048336,
          -0.19778537960475298,
          -0.7343849318841712,
          -1.8480155789257318
        ],
        [
          0.0,
          0.0,
          0.0,
          1.0
        ]
      ]
    },
    {
      "file_path": "./train/DSCF0741.JPG",
      "transform_matrix": [
        [
          0.6174925713504166,
          -0.492872622790138,
          0.6130085660339673,
          2.3154034883987338
        ],
        [
          -0.4914733406784936,
          -0.8502385946090885,
          -0.1885425353586913,
          1.0679869865360576
        ],
        [
          0.6141309955777936,
          -0.18485375284568167,
          -0.7672497704981706,
          -2.062550396321995
        ],
        [
          0.0,
          0.0,
          0.0,
          1.0
        ]
      ]
    },
    {
      "file_path": "./train/DSCF0742.JPG",
      "transform_matrix": [
        [
          0.6709939354999216,
          -0.467159526703099,
          0.5757856503360113,
          2.1181638078889744
        ],
        [
          -0.47577854996176994,
          -0.8668732353518682,
          -0.1488810438802065,
          1.2808809375217056
        ],
        [
          0.5686843675700983,
          -0.17404818425114602,
          -0.8039311659839268,
          -2.222518431520979
        ],
        [
          0.0,
          0.0,
          0.0,
          1.0
        ]
      ]
    },
    {
      "file_path": "./train/DSCF0743.JPG",
      "transform_matrix": [
        [
          0.7272686907911077,
          -0.4242153255673399,
          0.5395568634989126,
          1.937414152366801
        ],
        [
          -0.4345528998980274,
          -0.8930879004464316,
          -0.11643787728398336,
          1.5094717688050068
        ],
        [
          0.5312664384141006,
          -0.1497843771225184,
          -0.8338588680255284,
          -2.326555604798122
        ],
        [
          0.0,
          0.0,
          0.0,
          1.0
        ]
      ]
    },
    {
      "file_path": "./train/DSCF0746.JPG",
      "transform_matrix": [
        [
          0.8357795309762219,
          -0.29289969946410643,
          0.46441612983939595,
          1.5407637086721233
        ],
        [
